-1,0.991,1.017,-1
-1,-1.016,0.95,1
-1,1.019,-1.026,1
-1,-0.972,-0.992,-1
-1,1.012,1.014,-1
-1,-1.045,0.995,1
-1,1.031,-1.023,1
-1,-0.989,-0.959,-1
-1,1.045,0.992,-1
-1,-1.023,0.986,1
-1,1.041,-1.046,1
-1,-1.048,-0.997,-1
-1,1.042,1.032,-1
-1,-1.029,0.966,1
-1,0.968,-0.955,1
-1,-1.003,-1.024,-1
-1,1.021,0.988,-1
-1,-0.981,0.962,1
-1,1.017,-0.951,1
-1,-1.015,-0.956,-1
-1,0.953,0.961,-1
-1,-1.028,0.983,1
-1,1.023,-0.986,1
-1,-1.009,-1.039,-1
-1,1.003,1.018,-1
-1,-1.003,0.994,1
-1,1.012,-0.993,1
-1,-1.013,-0.991,-1
-1,0.973,0.991,-1
-1,-1.021,1.028,1
-1,0.966,-1.015,1
-1,-0.96,-1.008,-1
-1,1.038,0.956,-1
-1,-1.01,0.992,1
-1,1.014,-1.002,1
-1,-1.004,-1.045,-1
-1,1.04,0.979,-1
-1,-0.98,1,1
-1,0.956,-1.049,1
-1,-0.957,-1.002,-1
-1,0.979,0.973,-1
-1,-0.966,1.004,1
-1,1.006,-1.01,1
-1,-0.984,-0.974,-1
-1,0.981,0.958,-1
-1,-1.006,0.989,1
-1,0.976,-1.027,1
-1,-1.013,-1.012,-1
-1,0.968,1.032,-1
-1,-1.021,0.991,1
-1,0.983,-1.035,1
-1,-1.011,-0.992,-1
-1,0.954,0.98,-1
-1,-0.973,0.956,1
-1,1.023,-0.964,1
-1,-1.029,-1.005,-1
-1,0.974,1.022,-1
-1,-0.98,0.979,1
-1,1.027,-0.977,1
-1,-0.953,-1.038,-1
-1,1.036,1.04,-1
-1,-0.989,0.986,1
-1,1.005,-0.983,1
-1,-0.995,-0.976,-1
-1,0.981,1.002,-1
-1,-1,1,1
-1,0.991,-1.026,1
-1,-0.984,-1.02,-1
-1,0.957,1.041,-1
-1,-1.043,0.987,1
-1,1.007,-0.963,1
-1,-0.997,-0.967,-1
-1,0.995,0.959,-1
-1,-1.041,1.008,1
-1,0.971,-0.962,1
-1,-1.028,-1.004,-1
-1,0.956,0.98,-1
-1,-1.037,1.018,1
-1,0.95,-0.959,1
-1,-0.988,-0.995,-1
-1,0.96,1.009,-1
-1,-1.026,0.987,1
-1,0.998,-0.967,1
-1,-0.955,-1.009,-1
-1,0.952,1,-1
-1,-0.959,0.986,1
-1,1.024,-1.03,1
-1,-0.954,-1.029,-1
-1,0.998,1.049,-1
-1,-0.982,1.034,1
-1,1.031,-1.016,1
-1,-0.997,-0.951,-1
-1,0.968,0.988,-1
-1,-1.05,1.038,1
-1,0.977,-0.983,1
-1,-1.022,-0.957,-1
-1,0.998,1.033,-1
-1,-1.043,0.971,1
-1,0.96,-1.033,1
-1,-1.037,-1.036,-1
-1,0.959,0.966,-1
-1,-1.015,1.001,1
-1,0.95,-1.001,1
-1,-1.031,-0.994,-1
-1,1.048,0.953,-1
-1,-1.026,0.958,1
-1,0.994,-1.041,1
-1,-0.961,-1.048,-1
-1,1.045,1.035,-1
-1,-0.957,0.993,1
-1,0.973,-0.963,1
-1,-1.036,-1.047,-1
-1,0.998,0.95,-1
-1,-0.992,0.968,1
-1,1.03,-0.954,1
-1,-0.952,-0.969,-1
-1,1.039,1.048,-1
-1,-1.041,1.007,1
-1,1.022,-1.028,1
-1,-1.012,-0.958,-1
-1,0.988,1.029,-1
-1,-0.96,1.007,1
-1,1.008,-0.959,1
-1,-1.035,-0.962,-1
-1,1.006,0.961,-1
-1,-1.048,0.984,1
-1,1.022,-0.995,1
-1,-1.022,-1.004,-1
-1,1.012,1.036,-1
-1,-0.975,0.983,1
-1,1.019,-1.008,1
-1,-1.006,-1.034,-1
-1,1.031,1.048,-1
-1,-1.028,1.001,1
-1,0.971,-0.951,1
-1,-0.993,-0.974,-1
-1,1.042,1.039,-1
-1,-0.975,0.962,1
-1,0.95,-1.04,1
-1,-1.047,-0.981,-1
-1,1.011,1.038,-1
-1,-1.049,1.039,1
-1,1.005,-1.027,1
-1,-1.048,-0.965,-1
-1,1.032,1.035,-1
-1,-0.962,0.976,1
-1,0.967,-0.993,1
-1,-1.018,-1.018,-1
-1,1.019,1.004,-1
-1,-1.029,1.039,1
-1,1.026,-1.021,1
-1,-0.982,-0.958,-1
-1,0.975,1.005,-1
-1,-1.016,0.999,1
-1,0.991,-1.038,1
-1,-1.005,-0.99,-1
-1,0.968,1.003,-1
-1,-1.011,0.973,1
-1,1.029,-0.954,1
-1,-0.963,-1.021,-1
-1,0.999,0.987,-1
-1,-0.984,0.999,1
-1,1.043,-0.955,1
-1,-0.953,-1.034,-1
-1,1.036,0.955,-1
-1,-0.962,1.032,1
-1,1.005,-1.016,1
-1,-1.036,-1.049,-1
-1,0.966,1.021,-1
-1,-0.964,1.013,1
-1,0.963,-0.995,1
-1,-0.965,-0.997,-1
-1,0.962,0.958,-1
-1,-1.018,0.995,1
-1,0.963,-0.994,1
-1,-1.029,-0.992,-1
-1,0.996,1.032,-1
-1,-0.969,0.994,1
-1,1.046,-1.028,1
-1,-1.021,-0.989,-1
-1,0.985,1,-1
-1,-0.977,1.016,1
-1,0.994,-0.991,1
-1,-0.958,-1.011,-1
-1,1.003,0.974,-1
-1,-0.996,0.96,1
-1,0.995,-1.001,1
-1,-0.964,-1.037,-1
-1,1.024,0.972,-1
-1,-0.982,0.968,1
-1,1.037,-1.045,1
-1,-0.992,-0.959,-1
-1,0.952,0.975,-1
-1,-0.973,0.964,1
-1,0.964,-1.026,1
-1,-1.016,-0.976,-1
-1,1.022,1.009,-1
-1,-1.017,1.02,1
-1,1.037,-0.953,1
-1,-1.032,-0.973,-1
-1,1.023,1.02,-1
-1,-0.987,1.018,1
-1,1.042,-0.965,1
-1,-1.048,-0.97,-1
-1,0.963,0.977,-1
-1,-1.048,1.049,1
-1,0.977,-1.025,1
-1,-1.007,-1.026,-1
-1,0.973,1.022,-1
-1,-0.989,1.031,1
-1,0.953,-1.018,1
-1,-1.045,-0.957,-1
-1,0.975,0.981,-1
-1,-0.958,0.992,1
-1,0.972,-0.964,1
-1,-0.986,-1.05,-1
-1,1.037,1.01,-1
-1,-1.037,1.024,1
-1,1.02,-0.98,1
-1,-1.015,-1.017,-1
-1,0.961,1.01,-1
-1,-0.954,1.017,1
-1,1.035,-1,1
-1,-1.01,-0.956,-1
-1,1.045,0.974,-1
-1,-1.031,0.975,1
-1,1.026,-0.956,1
-1,-0.992,-1.048,-1
-1,1.021,1.016,-1
-1,-0.972,1.043,1
-1,1.001,-0.966,1
-1,-1.032,-0.986,-1
-1,0.969,1.002,-1
-1,-1.05,1.037,1
-1,1.01,-1.024,1
-1,-1.04,-0.993,-1
-1,1.02,0.965,-1
-1,-0.974,0.977,1
-1,0.993,-0.992,1
-1,-0.986,-1.041,-1
-1,1.032,1.036,-1
-1,-0.985,1.037,1
-1,1.027,-0.976,1
-1,-1.025,-1.023,-1
-1,0.979,0.978,-1
-1,-1.027,0.97,1
-1,0.952,-0.988,1
-1,-1.027,-0.954,-1
-1,0.987,1.011,-1
-1,-0.955,0.975,1
-1,1.014,-0.99,1
-1,-1.048,-1.034,-1
-1,0.98,0.976,-1
-1,-1.039,1.021,1
-1,0.961,-1.003,1
-1,-0.997,-1.03,-1
-1,1.04,0.974,-1
-1,-0.962,1.013,1
-1,0.99,-0.999,1
-1,-0.988,-1.021,-1
-1,0.95,0.963,-1
-1,-0.992,1.028,1
-1,1.015,-1.043,1
-1,-0.973,-1.05,-1
-1,1.008,0.989,-1
-1,-1.047,1.01,1
-1,1.007,-1.026,1
-1,-0.973,-1.042,-1
-1,0.963,1.037,-1
-1,-1.049,1,1
-1,1.01,-1.022,1
-1,-0.957,-0.966,-1
-1,0.955,0.99,-1
-1,-1.039,0.954,1
-1,0.985,-0.994,1
-1,-0.978,-1,-1
-1,0.973,1.035,-1
-1,-0.994,0.966,1
-1,0.976,-0.993,1
-1,-1.024,-0.993,-1
-1,0.987,1.021,-1
-1,-0.981,1.011,1
-1,1.046,-1.028,1
-1,-1.033,-1.038,-1
-1,0.967,1.046,-1
-1,-0.965,0.991,1
-1,0.973,-1.021,1
-1,-1.021,-0.985,-1
-1,1.009,0.982,-1
-1,-0.954,1.005,1
-1,1.003,-0.988,1
-1,-0.966,-1.016,-1
-1,1.004,1.022,-1
-1,-0.993,1.019,1
-1,0.982,-0.987,1
-1,-1.043,-0.967,-1
-1,0.961,0.985,-1
-1,-0.983,0.998,1
-1,1.025,-1.012,1
-1,-1.027,-1.008,-1
-1,1.004,0.961,-1
-1,-1.009,1.025,1
-1,1.009,-1.025,1
-1,-1.029,-0.98,-1
-1,0.976,0.984,-1
-1,-1.045,1.033,1
-1,1,-0.952,1
-1,-0.971,-1.049,-1
-1,1.043,0.984,-1
-1,-1.013,0.984,1
-1,1.006,-0.957,1
-1,-0.974,-1.045,-1
-1,1.012,0.998,-1
-1,-0.969,0.95,1
-1,0.963,-1.009,1
-1,-0.995,-0.995,-1
-1,0.992,1.012,-1
-1,-1.039,1.027,1
-1,0.974,-0.972,1
-1,-0.998,-1.007,-1
-1,1.046,1.023,-1
-1,-1.01,0.963,1
-1,1.025,-0.978,1
-1,-1.032,-1.04,-1
-1,0.967,0.982,-1
-1,-1.038,1.045,1
-1,1.019,-1.019,1
-1,-1.01,-0.962,-1
-1,1.035,1.04,-1
-1,-0.953,1.039,1
-1,1.04,-1.005,1
-1,-0.997,-1.036,-1
-1,1.001,0.99,-1
-1,-1.006,1.008,1
-1,0.985,-0.991,1
-1,-0.958,-1.045,-1
-1,1.014,1.031,-1
-1,-1.047,0.979,1
-1,1.025,-1.042,1
-1,-0.958,-0.953,-1
-1,0.999,1.006,-1
-1,-0.989,0.977,1
-1,1.017,-1.009,1
-1,-1.021,-1.01,-1
-1,0.963,1.024,-1
-1,-1.049,1.027,1
-1,0.965,-0.967,1
-1,-1.037,-0.958,-1
-1,0.974,0.951,-1
-1,-0.958,1.009,1
-1,1.02,-1.022,1
-1,-1.023,-0.966,-1
-1,1.025,1.036,-1
-1,-0.952,1.02,1
-1,1.037,-1.003,1
-1,-1.046,-1.047,-1
-1,0.971,1.013,-1
-1,-1.044,1.013,1
-1,0.96,-0.979,1
-1,-0.961,-1.01,-1
-1,1.014,0.992,-1
-1,-1.031,0.963,1
-1,1.041,-1.046,1
-1,-1.032,-1.018,-1
-1,1,0.955,-1
-1,-0.975,0.989,1
-1,0.953,-1.028,1
-1,-0.952,-1.003,-1
-1,1.034,0.998,-1
-1,-0.979,1.014,1
-1,0.963,-0.975,1
-1,-1.005,-1.038,-1
-1,0.996,1.028,-1
-1,-0.981,1.012,1
-1,0.969,-0.965,1
-1,-0.961,-1.006,-1
-1,1.015,0.99,-1
-1,-1.005,0.958,1
-1,0.968,-0.98,1
-1,-1.049,-1.027,-1
-1,0.982,1.022,-1
-1,-0.998,1.037,1
-1,1.02,-0.987,1
-1,-1.049,-1.047,-1
-1,0.973,0.977,-1
-1,-1.05,1.019,1
-1,0.965,-0.985,1
-1,-1.022,-1.007,-1
-1,0.997,1.038,-1
-1,-1.007,0.987,1
-1,0.959,-0.987,1
-1,-1.001,-0.969,-1
-1,1.038,0.992,-1
-1,-1.042,1.01,1
-1,0.971,-0.992,1
-1,-0.996,-0.962,-1
-1,0.996,1.04,-1
-1,-1.001,0.993,1
-1,0.98,-1.03,1
-1,-1.002,-0.983,-1
-1,0.986,1.033,-1
-1,-1.015,0.976,1
-1,1.035,-1.012,1
-1,-0.997,-1.021,-1
-1,0.974,0.998,-1
-1,-1.027,1.009,1
-1,1.007,-0.984,1
-1,-1.006,-0.995,-1
-1,0.968,0.976,-1
-1,-1.039,0.975,1
-1,1.005,-1.049,1
-1,-1.001,-0.954,-1
-1,1.034,0.965,-1
-1,-0.986,0.992,1
-1,1.025,-1.037,1
-1,-1.008,-0.954,-1
-1,0.998,1.022,-1
-1,-1.024,0.956,1
-1,1.023,-1.021,1
-1,-1.046,-1.045,-1
-1,0.976,0.962,-1
-1,-0.975,1.043,1
-1,1.015,-1.014,1
-1,-1.014,-1.009,-1
-1,0.964,1.044,-1
-1,-0.994,1.002,1
-1,0.986,-1.012,1
-1,-0.968,-0.995,-1
-1,0.965,0.981,-1
-1,-1.02,0.991,1
-1,0.975,-1.039,1
-1,-1.013,-0.964,-1
-1,1.04,1,-1
-1,-0.988,0.984,1
-1,1.043,-0.997,1
-1,-1.034,-0.998,-1
-1,0.958,1.012,-1
-1,-1.017,1.004,1
-1,0.953,-1.016,1
-1,-1.047,-0.994,-1
-1,0.998,0.974,-1
-1,-1.033,0.963,1
-1,0.959,-1.022,1
-1,-1.05,-0.97,-1
-1,0.968,1.008,-1
-1,-1,1.005,1
-1,1.011,-0.986,1
-1,-1.047,-0.974,-1
-1,0.993,0.959,-1
-1,-1.048,1.011,1
-1,1.039,-1.002,1
-1,-0.968,-0.997,-1
-1,1.024,0.97,-1
-1,-1.048,0.973,1
-1,0.981,-0.981,1
-1,-0.972,-0.991,-1
-1,0.958,0.969,-1
-1,-0.979,0.953,1
-1,0.995,-0.969,1
-1,-1.046,-0.958,-1
-1,1.035,0.963,-1
-1,-0.952,1.039,1
-1,0.972,-1.012,1
-1,-1.013,-1.04,-1
-1,1.011,0.984,-1
-1,-1.042,1.011,1
-1,1.009,-0.957,1
-1,-1.035,-0.981,-1
-1,0.987,1.019,-1
-1,-0.992,0.95,1
-1,1.021,-0.986,1
-1,-1.033,-1.035,-1
-1,1.005,0.965,-1
-1,-1.02,0.989,1
-1,0.962,-0.962,1
-1,-0.968,-0.996,-1
-1,1.035,0.96,-1
-1,-0.966,1.024,1
-1,1.03,-1.035,1
-1,-0.999,-1.009,-1
-1,0.965,1.029,-1
-1,-1.04,1.048,1
-1,1.023,-0.962,1
-1,-0.973,-1.018,-1
-1,1.006,1.039,-1
-1,-1.037,0.958,1
-1,0.991,-0.96,1
-1,-1.027,-0.987,-1
-1,0.978,1.034,-1
-1,-0.972,0.95,1
-1,1.021,-0.965,1
-1,-0.976,-0.979,-1
-1,0.983,1.017,-1
-1,-0.997,1.045,1
-1,1.018,-1.025,1
-1,-0.974,-1.021,-1
-1,1,1.048,-1
-1,-1.041,1.043,1
-1,1.036,-0.97,1
-1,-1.034,-1.001,-1
-1,1.017,0.978,-1
-1,-0.971,1.014,1
-1,0.971,-1.045,1
-1,-1.024,-1.034,-1
-1,0.966,0.976,-1
-1,-0.984,1.037,1
-1,1.031,-0.986,1
-1,-1.01,-0.964,-1
-1,0.971,1.012,-1
-1,-1.029,1.014,1
-1,0.959,-1.035,1
-1,-1.048,-0.977,-1
-1,0.974,0.991,-1
-1,-1.005,1.012,1
-1,0.973,-1.019,1
-1,-1.044,-0.982,-1
-1,0.968,0.952,-1
-1,-1.043,0.957,1
-1,1.031,-1.038,1
-1,-1.014,-1.02,-1
-1,0.964,0.959,-1
-1,-0.966,1.006,1
-1,1.04,-0.957,1
-1,-0.954,-0.998,-1
-1,1.004,0.995,-1
-1,-1.042,0.998,1
-1,1.041,-1.038,1
-1,-1.019,-1.036,-1
-1,0.989,1.008,-1
-1,-1.028,0.954,1
-1,1.045,-0.998,1
-1,-0.981,-0.971,-1
-1,0.988,0.973,-1
-1,-1.032,1.016,1
-1,1.009,-0.952,1
-1,-0.964,-0.954,-1
-1,1.012,0.983,-1
-1,-0.992,0.972,1
-1,0.996,-0.958,1
-1,-1.013,-1.025,-1
-1,0.997,1.008,-1
-1,-1.048,0.957,1
-1,1.048,-1.02,1
-1,-0.958,-1.05,-1
-1,1.028,1.049,-1
-1,-0.998,0.998,1
-1,1.032,-1.01,1
-1,-1.035,-0.975,-1
-1,1.012,1.017,-1
-1,-1.014,1.047,1
-1,0.968,-0.953,1
-1,-1.022,-0.999,-1
-1,0.966,0.98,-1
-1,-1.001,0.975,1
-1,1.008,-1.021,1
-1,-1.03,-1.01,-1
-1,1.01,0.997,-1
-1,-0.988,1.005,1
-1,1.025,-0.958,1
-1,-0.989,-0.996,-1
-1,1.048,0.996,-1
-1,-1.036,0.996,1
-1,1.038,-0.981,1
-1,-1.012,-0.987,-1
-1,1.025,0.965,-1
-1,-1.029,1.025,1
-1,0.965,-1.022,1
-1,-1.016,-0.98,-1
-1,0.955,1.014,-1
-1,-0.993,1.012,1
-1,1.011,-1.026,1
-1,-1.001,-0.981,-1
-1,0.98,0.973,-1
-1,-1,0.983,1
-1,0.975,-1.04,1
-1,-1.013,-1.014,-1
-1,0.987,1.028,-1
-1,-0.957,0.986,1
-1,0.964,-0.986,1
-1,-0.959,-1.001,-1
-1,0.985,0.955,-1
-1,-1.013,0.954,1
-1,0.987,-1.027,1
-1,-0.986,-0.98,-1
-1,0.958,1.018,-1
-1,-0.969,1.035,1
-1,1.002,-0.977,1
-1,-0.998,-0.956,-1
-1,1.026,0.976,-1
-1,-0.954,1.022,1
-1,0.999,-1.01,1
-1,-0.976,-1.031,-1
-1,0.993,0.961,-1
-1,-1.009,1.039,1
-1,0.969,-0.985,1
-1,-1.045,-0.965,-1
-1,0.966,1,-1
-1,-1.035,0.959,1
-1,1.014,-0.984,1
-1,-0.957,-0.976,-1
-1,0.959,0.95,-1
-1,-0.955,1.023,1
-1,1.039,-0.989,1
-1,-0.978,-0.982,-1
-1,1.008,0.981,-1
-1,-0.982,0.976,1
-1,0.96,-1.028,1
-1,-0.976,-0.971,-1
-1,0.96,1.002,-1
-1,-0.968,1.041,1
-1,1.045,-0.986,1
-1,-0.976,-0.986,-1
-1,0.952,1.005,-1
-1,-0.99,1.024,1
-1,1.022,-1.029,1
-1,-1.028,-1.003,-1
-1,1.027,1.039,-1
-1,-1.045,1.045,1
-1,1.044,-1,1
-1,-1.007,-0.996,-1
-1,1.031,0.962,-1
-1,-0.978,0.989,1
-1,0.978,-1.038,1
-1,-0.988,-0.983,-1
-1,0.958,0.965,-1
-1,-1.042,0.973,1
-1,1.009,-1.016,1
-1,-1.046,-0.964,-1
-1,0.969,1.008,-1
-1,-1.005,0.956,1
-1,1.016,-1.05,1
-1,-0.983,-0.958,-1
-1,1.037,0.982,-1
-1,-0.994,1.024,1
-1,0.997,-1.029,1
-1,-0.967,-1.028,-1
-1,0.981,1.026,-1
-1,-0.967,0.998,1
-1,0.973,-0.968,1
-1,-1.032,-0.974,-1
-1,0.97,0.961,-1
-1,-0.968,1.006,1
-1,1.04,-1.025,1
-1,-1.026,-0.964,-1
-1,1.027,1.019,-1
-1,-1.007,0.984,1
-1,1.027,-0.982,1
-1,-0.982,-0.959,-1
-1,1.046,1.033,-1
-1,-1.022,0.977,1
-1,0.976,-0.979,1
-1,-0.953,-1.038,-1
-1,0.953,0.977,-1
-1,-1.042,0.995,1
-1,0.958,-0.965,1
-1,-1.012,-1.013,-1
-1,0.993,0.963,-1
-1,-1.049,1,1
-1,0.978,-1.039,1
-1,-1,-1.001,-1
-1,1.042,1.004,-1
-1,-0.981,1.031,1
-1,1.015,-0.983,1
-1,-1.037,-0.957,-1
-1,0.984,1.022,-1
-1,-0.978,0.98,1
-1,0.951,-1.008,1
-1,-0.973,-0.973,-1
-1,1.02,0.952,-1
-1,-0.986,1.031,1
-1,1.04,-1.027,1
-1,-1.013,-1.027,-1
-1,1.029,1.045,-1
-1,-0.981,0.977,1
-1,0.992,-1.04,1
-1,-0.968,-0.992,-1
-1,0.976,1.037,-1
-1,-0.98,0.978,1
-1,1.001,-0.992,1
-1,-1.037,-0.99,-1
-1,1.033,1.036,-1
-1,-1.008,0.96,1
-1,1.022,-1.022,1
-1,-1.016,-1.009,-1
-1,0.968,0.953,-1
-1,-0.983,1.015,1
-1,0.988,-0.969,1
-1,-0.993,-1,-1
-1,0.964,1.048,-1
-1,-0.992,1.011,1
-1,1.013,-0.994,1
-1,-1.043,-0.972,-1
-1,1.039,0.985,-1
-1,-0.985,1.025,1
-1,1.036,-0.964,1
-1,-1.017,-0.99,-1
-1,0.98,0.998,-1
-1,-1.022,1.042,1
-1,0.983,-1.01,1
-1,-0.984,-1.015,-1
-1,0.96,1.049,-1
-1,-1.013,1.042,1
-1,1.032,-1.022,1
-1,-0.998,-0.981,-1
-1,0.994,1.044,-1
-1,-1.042,1.002,1
-1,0.997,-1.018,1
-1,-1.015,-1.042,-1
-1,1.014,1.047,-1
-1,-1.007,0.999,1
-1,0.965,-1.009,1
-1,-0.961,-1.05,-1
-1,0.962,0.998,-1
-1,-1.027,1.001,1
-1,1.024,-1.017,1
-1,-0.959,-1.05,-1
-1,1.004,1.04,-1
-1,-0.953,0.969,1
-1,1.03,-0.972,1
-1,-1.019,-1.006,-1
-1,0.99,1.037,-1
-1,-0.951,0.975,1
-1,1.033,-1.012,1
-1,-0.958,-0.957,-1
-1,1.002,0.961,-1
-1,-0.99,0.984,1
-1,0.99,-0.953,1
-1,-0.965,-1.021,-1
-1,0.99,0.955,-1
-1,-0.959,1.042,1
-1,0.96,-1.001,1
-1,-0.972,-0.971,-1
-1,1.021,1.027,-1
-1,-0.977,1.043,1
-1,0.97,-0.953,1
-1,-1.024,-0.974,-1
-1,1.04,1.032,-1
-1,-0.972,1.009,1
-1,0.968,-0.961,1
-1,-0.991,-1.001,-1
-1,0.974,1.022,-1
-1,-0.97,0.958,1
-1,1.017,-1.042,1
-1,-0.973,-1.047,-1
-1,1.02,0.957,-1
-1,-0.954,1.024,1
-1,0.972,-1.039,1
-1,-1.031,-0.989,-1
-1,1.006,1.04,-1
-1,-0.987,1.033,1
-1,0.966,-1.018,1
-1,-0.998,-1.009,-1
-1,1.004,0.963,-1
-1,-0.988,1.046,1
-1,1.01,-1.035,1
-1,-1.046,-0.951,-1
-1,0.986,1.03,-1
-1,-0.952,0.982,1
-1,1.037,-0.966,1
-1,-1.01,-1.033,-1
-1,0.956,1.02,-1
-1,-1.009,1.032,1
-1,0.999,-1.027,1
-1,-0.992,-1.045,-1
-1,0.971,1.045,-1
-1,-0.954,0.966,1
-1,1.028,-0.972,1
-1,-0.971,-0.992,-1
-1,1.027,1,-1
-1,-1.043,0.979,1
-1,1.031,-0.955,1
-1,-0.972,-0.974,-1
-1,1.003,1.049,-1
-1,-0.966,1.015,1
-1,1.043,-1.042,1
-1,-0.978,-1.007,-1
-1,0.979,0.964,-1
-1,-0.982,1.005,1
-1,1.041,-0.977,1
-1,-1.028,-1.002,-1
-1,1.001,1.036,-1
-1,-1.006,0.996,1
-1,1.027,-1.033,1
-1,-1.021,-1.034,-1
-1,1.024,1.041,-1
-1,-0.981,0.962,1
-1,0.996,-0.957,1
-1,-0.959,-1.035,-1
-1,0.999,1.007,-1
-1,-1.01,1.002,1
-1,0.986,-0.999,1
-1,-0.963,-1.024,-1
-1,1.012,1.005,-1
-1,-0.967,1.044,1
-1,1.03,-0.953,1
-1,-0.985,-0.985,-1
-1,0.963,1.011,-1
-1,-0.972,1.028,1
-1,1.028,-1.01,1
-1,-1.039,-1.003,-1
-1,0.995,1.02,-1
-1,-0.975,1.039,1
-1,1,-1.001,1
-1,-1.017,-0.985,-1
-1,0.964,1.032,-1
-1,-1.043,0.982,1
-1,1.046,-0.983,1
-1,-1.028,-0.968,-1
-1,0.96,0.991,-1
-1,-1.019,1.037,1
-1,0.955,-0.971,1
-1,-1.029,-1.012,-1
-1,1.001,0.997,-1
-1,-1.042,0.996,1
-1,1.026,-0.991,1
-1,-0.961,-1.028,-1
-1,1.016,1.036,-1
-1,-0.995,0.978,1
-1,0.964,-0.99,1
-1,-0.997,-0.973,-1
-1,0.998,0.953,-1
-1,-0.989,0.981,1
-1,1.032,-0.995,1
-1,-0.953,-1.044,-1
-1,1.002,0.971,-1
-1,-0.954,1.031,1
-1,0.971,-0.995,1
-1,-1.003,-1.026,-1
-1,0.968,0.985,-1
-1,-0.974,1.024,1
-1,1.009,-0.952,1
-1,-0.976,-0.997,-1
-1,0.972,0.985,-1
-1,-1.007,1.038,1
-1,1.003,-1.018,1
-1,-1.003,-0.97,-1
-1,0.976,1.028,-1
-1,-1,0.951,1
-1,1.011,-0.951,1
-1,-0.995,-0.987,-1
-1,0.966,1.023,-1
-1,-0.989,0.995,1
-1,1.023,-0.976,1
-1,-1,-0.997,-1
-1,1.031,1.037,-1
-1,-0.951,0.96,1
-1,0.993,-0.985,1
-1,-0.978,-1.021,-1
-1,1.031,0.962,-1
-1,-0.974,1.031,1
-1,0.997,-0.96,1
-1,-0.979,-1.045,-1
-1,1.022,0.982,-1
-1,-0.961,0.97,1
-1,1.015,-1.019,1
-1,-0.992,-0.957,-1
-1,0.956,1.028,-1
-1,-1.002,0.956,1
-1,1.021,-0.984,1
-1,-0.954,-0.953,-1
-1,0.97,1.044,-1
-1,-1.021,1.038,1
-1,0.959,-0.966,1
-1,-0.981,-0.972,-1
-1,0.967,0.965,-1
-1,-1.024,1.034,1
-1,1.018,-1.044,1
-1,-1.022,-0.953,-1
-1,0.968,1.04,-1
-1,-0.951,1.035,1
-1,1.036,-0.951,1
-1,-1.03,-1.04,-1
-1,1.021,0.963,-1
-1,-1.035,1.035,1
-1,0.968,-0.97,1
-1,-1.019,-0.983,-1
-1,1.037,0.994,-1
-1,-0.964,0.957,1
-1,1.01,-1.023,1
-1,-0.976,-1.019,-1
-1,1.002,1.021,-1
-1,-0.982,1.043,1
-1,1.035,-1.013,1
-1,-1.039,-1.046,-1
-1,1.027,0.956,-1
-1,-0.982,0.972,1
-1,0.963,-1.05,1
-1,-1.008,-1.013,-1
-1,0.988,1.038,-1
-1,-0.995,1.039,1
-1,0.997,-0.969,1
-1,-0.957,-0.966,-1
-1,1.037,1.011,-1
-1,-0.957,0.967,1
-1,0.951,-0.968,1
-1,-1.003,-0.985,-1
-1,1.003,0.954,-1
-1,-0.966,1.045,1
-1,0.975,-1.029,1
-1,-0.986,-0.969,-1
-1,1.022,0.956,-1
-1,-0.994,0.993,1
-1,1.043,-0.97,1
-1,-0.97,-0.982,-1
-1,0.961,0.963,-1
-1,-0.982,1.001,1
-1,0.966,-0.971,1
-1,-0.982,-1.01,-1
-1,0.981,0.983,-1
-1,-0.971,1.013,1
-1,1.009,-0.997,1
-1,-1.014,-0.955,-1
-1,1.015,1.024,-1
-1,-1.03,0.985,1
-1,1.03,-0.974,1
-1,-0.995,-1.025,-1
-1,1.021,0.958,-1
-1,-0.991,1.006,1
-1,0.952,-1.018,1
-1,-1.045,-1.01,-1
-1,1.025,1.012,-1
-1,-0.965,1.012,1
-1,1.03,-1.014,1
-1,-0.953,-1.048,-1
-1,0.958,1.03,-1
-1,-1.01,1.026,1
-1,1.008,-0.957,1
-1,-1.01,-1.004,-1
-1,1.024,1.023,-1
-1,-0.953,1.03,1
-1,0.985,-0.978,1
-1,-1.05,-1.043,-1
-1,1.005,1.016,-1
-1,-1.009,1.038,1
-1,1.031,-0.982,1
-1,-1.035,-0.954,-1
-1,0.975,0.959,-1
-1,-1.038,0.986,1
-1,1.005,-0.988,1
-1,-1.007,-1.008,-1
-1,0.971,0.972,-1
-1,-1.038,0.998,1
-1,0.968,-0.982,1
-1,-1.033,-1.036,-1
-1,1,1.04,-1
-1,-1.015,1.009,1
-1,1.019,-0.955,1
-1,-1.047,-1.01,-1
-1,1.029,1.049,-1
-1,-1.045,1.041,1
-1,1.011,-0.969,1
-1,-0.998,-0.997,-1
-1,0.983,0.979,-1
-1,-0.963,0.992,1
-1,1.003,-0.967,1
-1,-1.03,-1.036,-1
-1,0.968,0.994,-1
-1,-0.987,0.979,1
-1,1.002,-0.986,1
-1,-0.981,-0.98,-1
-1,0.955,0.997,-1
-1,-0.956,1.037,1
-1,0.976,-0.974,1
-1,-1.027,-1.01,-1
-1,1.029,1.04,-1
-1,-0.962,0.96,1
-1,1.021,-1.005,1
-1,-1.029,-0.98,-1
-1,1.033,1.039,-1
-1,-0.995,1.028,1
-1,1.029,-1.044,1
-1,-0.988,-1.015,-1
-1,1.037,1.046,-1
-1,-1.017,1.038,1
-1,0.985,-0.971,1
-1,-0.957,-0.96,-1
-1,1.012,1.015,-1
-1,-1.049,0.955,1
-1,0.957,-0.983,1
-1,-0.981,-1.016,-1
-1,1.021,1.007,-1
-1,-0.952,0.995,1
-1,1.047,-1.032,1
-1,-1.012,-1.006,-1
-1,1.022,1.013,-1
-1,-1.022,1.014,1
-1,0.951,-1.027,1
-1,-0.96,-1.046,-1
-1,0.951,0.977,-1
-1,-0.953,1.042,1
-1,1.021,-0.987,1
-1,-1.049,-0.987,-1
-1,0.971,1.015,-1
-1,-1.029,0.995,1
-1,0.96,-0.955,1
-1,-1.009,-1.028,-1
-1,0.962,1.001,-1
-1,-1.035,1.005,1
-1,1.043,-1.012,1
-1,-0.971,-0.968,-1
-1,0.958,1.004,-1
-1,-1.028,0.957,1
-1,0.995,-1.012,1
-1,-1.006,-0.96,-1
-1,0.989,1.004,-1
-1,-1.046,0.973,1
-1,0.975,-0.972,1
-1,-1.026,-0.969,-1
-1,0.98,0.983,-1
-1,-1.027,1.044,1
-1,0.98,-1.004,1
-1,-0.963,-1.005,-1
-1,0.955,0.966,-1
-1,-1,1.039,1
-1,0.988,-0.987,1
-1,-1.015,-0.953,-1
-1,0.959,0.98,-1
-1,-1.026,0.958,1
-1,0.987,-0.976,1
-1,-1.03,-0.978,-1
-1,1.043,1.005,-1
-1,-1.016,1.011,1
-1,1.006,-1.044,1
-1,-0.966,-0.975,-1
-1,1.032,0.969,-1
-1,-1.009,0.982,1
-1,1.034,-0.971,1
-1,-0.971,-0.967,-1
-1,1.017,0.986,-1
-1,-1.025,0.968,1
-1,0.987,-1.022,1
-1,-1.031,-0.973,-1
-1,0.987,1.041,-1
-1,-0.994,1.045,1
-1,1.01,-1.049,1
-1,-0.957,-1.018,-1
-1,0.986,1.03,-1
-1,-0.975,0.957,1
-1,1.034,-0.976,1
-1,-1.031,-0.96,-1
-1,1.026,0.991,-1
-1,-0.999,0.979,1
-1,1.04,-0.976,1
-1,-0.978,-0.959,-1
-1,1.039,1.037,-1
-1,-0.96,0.989,1
-1,1.043,-0.997,1
-1,-0.987,-0.969,-1
-1,0.953,0.955,-1
-1,-0.974,1.029,1
-1,1.045,-1.011,1
-1,-0.982,-0.952,-1
-1,1.033,0.989,-1
-1,-1.035,0.971,1
-1,1.043,-1.024,1
-1,-1.028,-1.012,-1
-1,0.978,1.031,-1
-1,-0.951,1.028,1
-1,1.041,-1.027,1
-1,-1.007,-1.016,-1
-1,0.993,0.999,-1
-1,-1.048,0.957,1
-1,0.952,-1.009,1
-1,-0.963,-1.004,-1
-1,1.041,0.987,-1
-1,-1.037,0.95,1
-1,0.966,-0.96,1
-1,-0.988,-1.015,-1
-1,0.976,0.96,-1
-1,-0.973,1.032,1
-1,1.01,-0.961,1
-1,-1.045,-0.976,-1
-1,1.013,0.972,-1
-1,-0.955,1.016,1
-1,1.01,-1.012,1
-1,-0.962,-1.039,-1
-1,0.995,1.017,-1
-1,-1.025,1.017,1
-1,1.039,-1.008,1
-1,-0.987,-1.003,-1
-1,0.952,0.967,-1
-1,-0.951,0.973,1
-1,0.976,-1.047,1
-1,-1.002,-0.999,-1
-1,1.02,0.986,-1
-1,-0.992,1.017,1
-1,1.006,-1.045,1
-1,-1.019,-0.988,-1
-1,0.969,1.025,-1
-1,-0.994,0.981,1
-1,1.045,-1.006,1
-1,-0.959,-1.047,-1
-1,1.038,0.965,-1
-1,-1,0.969,1
-1,1.022,-0.959,1
-1,-0.967,-1.017,-1
-1,1.025,0.992,-1
-1,-0.981,0.95,1
-1,1.004,-0.972,1
-1,-0.965,-0.993,-1
-1,0.983,1.043,-1
-1,-0.96,0.953,1
-1,1,-1.017,1
-1,-1.028,-0.979,-1
-1,0.961,1.04,-1
-1,-1.012,0.991,1
-1,1.008,-1.003,1
-1,-0.998,-0.992,-1
-1,1.029,0.952,-1
-1,-0.967,1.04,1
-1,0.952,-0.982,1
-1,-1.028,-0.955,-1
-1,0.985,0.958,-1
-1,-0.989,0.992,1
-1,1.044,-0.951,1
-1,-0.962,-0.972,-1
-1,0.992,1.007,-1
-1,-1.009,0.997,1
-1,1.019,-1.005,1
-1,-0.97,-1.037,-1
-1,1.014,0.96,-1
-1,-0.989,1.035,1
-1,1.023,-1.046,1
-1,-0.988,-1.047,-1
-1,0.952,1.019,-1
-1,-0.996,0.979,1
-1,1.002,-0.976,1
-1,-1.001,-1.02,-1
-1,0.994,0.994,-1
-1,-1.001,0.968,1
-1,1.015,-0.987,1
-1,-0.998,-0.977,-1
-1,1.02,0.981,-1
-1,-1.003,0.961,1
-1,1.019,-0.952,1
-1,-0.952,-1.047,-1
-1,1.002,1.029,-1
-1,-0.997,0.993,1
-1,0.972,-0.962,1
-1,-0.987,-1.016,-1
-1,1,0.972,-1
-1,-1.01,0.961,1
-1,1.042,-0.999,1
-1,-0.97,-0.973,-1
-1,0.966,1.026,-1
-1,-0.972,0.97,1
-1,0.965,-1.002,1
-1,-0.952,-0.971,-1
-1,0.985,1.007,-1
-1,-0.967,1.012,1
-1,0.952,-0.988,1
-1,-1.03,-0.98,-1
-1,0.972,1.023,-1
-1,-1.009,1.036,1
-1,1.038,-1.033,1
-1,-1.033,-0.958,-1
-1,1.048,1.017,-1
-1,-1.001,1.015,1
-1,1.039,-1.018,1
-1,-1.031,-0.969,-1
-1,0.953,0.98,-1
-1,-1.022,0.981,1
-1,1.039,-0.998,1
-1,-1.02,-0.978,-1
-1,1.014,0.957,-1
-1,-0.955,0.978,1
-1,1.031,-0.96,1
-1,-1.04,-0.973,-1
-1,1.021,0.986,-1
-1,-0.991,0.993,1
-1,0.99,-1.017,1
-1,-1.013,-0.957,-1
-1,0.98,1.024,-1
-1,-0.957,1.032,1
-1,0.953,-0.989,1
-1,-0.96,-0.988,-1
-1,0.957,1.047,-1
-1,-0.999,0.973,1
-1,1.04,-1.033,1
-1,-1.01,-1.047,-1
-1,1.016,1.033,-1
-1,-0.989,1.009,1
-1,0.995,-0.964,1
-1,-0.999,-0.985,-1
-1,0.951,0.99,-1
-1,-1.041,1.047,1
-1,1.033,-1,1
-1,-0.992,-1.029,-1
-1,1.025,1.031,-1
-1,-0.963,1.021,1
-1,1.037,-0.951,1
-1,-1.046,-0.971,-1
-1,0.988,0.95,-1
-1,-1.02,1.011,1
-1,0.968,-1.045,1
-1,-1.01,-1.022,-1
-1,1.009,0.972,-1
-1,-0.952,1.01,1
-1,1.048,-1.015,1
-1,-0.969,-1.036,-1
-1,1.017,1.043,-1
-1,-0.954,1.011,1
-1,0.996,-1.012,1
-1,-0.98,-1.012,-1
-1,1.026,1.005,-1
-1,-1.033,1.021,1
-1,1.01,-0.998,1
-1,-0.992,-1.017,-1
-1,1.005,1.015,-1
-1,-1.024,0.951,1
-1,0.984,-0.991,1
-1,-0.957,-1.002,-1
-1,1.023,1.042,-1
-1,-0.957,0.983,1
-1,0.987,-1.047,1
-1,-0.96,-1.039,-1
-1,1.044,1.018,-1
-1,-1.023,1.048,1
-1,1.039,-1.002,1
-1,-0.971,-1.003,-1
-1,0.999,0.981,-1
-1,-0.981,1.025,1
-1,1.048,-1.001,1
-1,-1.014,-0.951,-1
-1,0.973,0.993,-1
-1,-1.019,1.004,1
-1,1.011,-1.016,1
-1,-0.965,-0.983,-1
-1,0.966,1.043,-1
-1,-1.046,1.016,1
-1,1.003,-1.042,1
-1,-1.027,-0.966,-1
-1,1.042,1.017,-1
-1,-1.002,1.019,1
-1,0.98,-1.039,1
-1,-1.036,-0.96,-1
-1,0.977,0.993,-1
-1,-1.046,1.049,1
-1,1.024,-0.955,1
-1,-1.044,-0.992,-1
-1,1.039,1.008,-1
-1,-1.041,1.039,1
-1,0.997,-1.01,1
-1,-1.032,-0.986,-1
-1,1.025,0.976,-1
-1,-0.961,0.953,1
-1,1.016,-1.038,1
-1,-1.01,-0.98,-1
-1,1.026,1.045,-1
-1,-1.009,1.036,1
-1,1.001,-1.041,1
-1,-0.963,-0.967,-1
-1,1.035,1.04,-1
-1,-1,1.036,1
-1,1.005,-0.969,1
-1,-1.022,-1.048,-1
-1,1.027,1.012,-1
-1,-1.026,1.015,1
-1,1.022,-1.018,1
-1,-0.965,-1.022,-1
-1,0.996,1.039,-1
-1,-0.972,1.033,1
-1,0.975,-0.985,1
-1,-0.99,-1.005,-1
-1,1.028,0.971,-1
-1,-0.995,0.97,1
-1,0.977,-0.977,1
-1,-1.016,-0.999,-1
-1,1.025,0.986,-1
-1,-1.016,0.951,1
-1,0.987,-1.04,1
-1,-0.976,-0.96,-1
-1,1.006,1.021,-1
-1,-0.97,0.985,1
-1,0.995,-0.968,1
-1,-1.025,-1.032,-1
-1,1.023,0.962,-1
-1,-1.013,1.048,1
-1,0.955,-0.988,1
-1,-1.033,-0.958,-1
-1,0.989,0.997,-1
-1,-1.004,0.953,1
-1,0.981,-1.035,1
-1,-1.011,-0.992,-1
-1,0.979,0.995,-1
-1,-0.956,1.049,1
-1,0.995,-0.978,1
-1,-0.975,-0.988,-1
-1,1.022,1.023,-1
-1,-0.97,0.988,1
-1,1.047,-1.008,1
-1,-1.042,-1.047,-1
-1,1.027,0.975,-1
-1,-1.016,0.951,1
-1,1.028,-0.968,1
-1,-0.981,-1.014,-1
-1,1.028,0.989,-1
-1,-1.012,0.971,1
-1,0.976,-0.987,1
-1,-0.973,-0.975,-1
-1,0.974,1.031,-1
-1,-1.05,1.011,1
-1,1.012,-1.048,1
-1,-1.002,-0.955,-1
-1,1.034,0.966,-1
-1,-1.013,0.957,1
-1,1.043,-0.966,1
-1,-1.006,-0.991,-1
-1,0.971,1.008,-1
-1,-1.007,1.018,1
-1,1.027,-1.031,1
-1,-0.993,-1.009,-1
-1,1.041,1.014,-1
-1,-1.027,0.965,1
-1,1.022,-1.021,1
-1,-1.009,-1.035,-1
-1,0.965,0.986,-1
-1,-0.993,1.009,1
-1,0.95,-0.998,1
-1,-0.957,-1.009,-1
-1,0.979,0.998,-1
-1,-1.023,1.048,1
-1,0.974,-1.026,1
-1,-0.976,-1.017,-1
-1,1.035,0.988,-1
-1,-0.98,1.012,1
-1,0.979,-0.966,1
-1,-1.041,-0.972,-1
-1,0.973,1.035,-1
-1,-1.05,0.974,1
-1,1.043,-1.045,1
-1,-1.038,-0.985,-1
-1,1.017,0.957,-1
-1,-0.973,1.034,1
-1,0.954,-0.96,1
-1,-1.016,-0.959,-1
-1,0.971,1.035,-1
-1,-1.016,1.04,1
-1,0.992,-0.952,1
-1,-0.964,-1.032,-1
-1,0.971,0.974,-1
-1,-0.953,1.026,1
-1,1.004,-0.981,1
-1,-1.042,-1.023,-1
-1,1.043,1.018,-1
-1,-0.984,0.952,1
-1,0.988,-1.05,1
-1,-1.031,-1.032,-1
-1,1.04,1.034,-1
-1,-1.011,1.006,1
-1,0.958,-1.018,1
-1,-0.972,-1.036,-1
-1,1.037,0.989,-1
-1,-0.976,0.97,1
-1,0.977,-0.996,1
-1,-0.962,-1.009,-1
-1,1.048,0.992,-1
-1,-1.048,0.971,1
-1,0.954,-1.004,1
-1,-0.994,-1.041,-1
-1,0.983,0.958,-1
-1,-0.989,0.983,1
-1,1.036,-1.046,1
-1,-0.965,-1.008,-1
-1,0.992,1.01,-1
-1,-0.989,0.97,1
-1,0.993,-0.972,1
-1,-0.963,-1.037,-1
-1,1.013,1.041,-1
-1,-1.016,0.965,1
-1,1.006,-0.989,1
-1,-1.038,-1.039,-1
-1,1.009,1.001,-1
-1,-1.012,1.02,1
-1,0.974,-1.043,1
-1,-1.043,-0.966,-1
-1,1.001,0.951,-1
-1,-0.961,1.008,1
-1,0.991,-0.96,1
-1,-1.037,-1.038,-1
-1,1.005,1.01,-1
-1,-0.957,1.022,1
-1,0.952,-0.974,1
-1,-1.007,-0.977,-1
-1,1.016,1.001,-1
-1,-0.975,0.978,1
-1,0.982,-0.989,1
-1,-0.981,-1.047,-1
-1,0.979,0.957,-1
-1,-0.958,1.001,1
-1,1.003,-0.958,1
-1,-0.98,-1.031,-1
-1,1.022,0.957,-1
-1,-0.956,0.955,1
-1,0.99,-0.967,1
-1,-0.988,-1.041,-1
-1,0.957,0.988,-1
-1,-0.99,1.021,1
-1,1.021,-0.996,1
-1,-1.003,-1.036,-1
-1,0.973,0.979,-1
-1,-0.961,1.016,1
-1,1.037,-0.994,1
-1,-1.018,-0.98,-1
-1,0.989,1.016,-1
-1,-1.028,1.033,1
-1,1.01,-0.997,1
-1,-1.045,-0.959,-1
-1,1.009,1.036,-1
-1,-0.963,0.979,1
-1,0.992,-1.033,1
-1,-1.005,-0.994,-1
-1,1.038,1.002,-1
-1,-0.996,1.016,1
-1,0.983,-0.99,1
-1,-1.031,-1.019,-1
-1,0.988,1.017,-1
-1,-0.974,1.048,1
-1,0.964,-1.03,1
-1,-0.997,-1.043,-1
-1,1.019,0.966,-1
-1,-1.028,0.992,1
-1,0.957,-0.987,1
-1,-0.99,-1.003,-1
-1,1.043,0.98,-1
-1,-1.033,0.993,1
-1,1.026,-1.036,1
-1,-1.024,-1.033,-1
-1,0.984,0.97,-1
-1,-0.979,1.042,1
-1,1.014,-0.996,1
-1,-0.984,-0.957,-1
-1,1.014,1.025,-1
-1,-1.05,0.962,1
-1,0.95,-0.999,1
-1,-0.974,-0.971,-1
-1,0.993,1.027,-1
-1,-0.961,1.011,1
-1,1.035,-0.978,1
-1,-1.016,-1.006,-1
-1,1.011,1.013,-1
-1,-1.046,0.996,1
-1,1.038,-1.042,1
-1,-0.993,-1.02,-1
-1,0.973,1.014,-1
-1,-0.976,0.996,1
-1,0.987,-0.969,1
-1,-1.032,-1.039,-1
-1,1.042,1.041,-1
-1,-1.018,0.973,1
-1,1.011,-0.959,1
-1,-0.989,-1.02,-1
-1,1.048,1.019,-1
-1,-0.959,0.95,1
-1,1.029,-1.033,1
-1,-1.033,-1.036,-1
-1,1.045,0.991,-1
-1,-1.014,1.017,1
-1,0.978,-0.997,1
-1,-1.041,-0.977,-1
-1,1.031,0.953,-1
-1,-0.981,0.966,1
-1,1.033,-0.983,1
-1,-0.965,-1.048,-1
-1,0.98,1.007,-1
-1,-0.969,1.017,1
-1,0.96,-0.984,1
-1,-0.963,-0.979,-1
-1,1.027,0.995,-1
-1,-0.986,0.988,1
-1,1.021,-1.003,1
-1,-1.035,-0.958,-1
-1,0.961,1.007,-1
-1,-1.045,1.003,1
-1,1.021,-0.97,1
-1,-1.01,-1.02,-1
-1,1.025,0.97,-1
-1,-0.96,1.027,1
-1,1.048,-0.964,1
-1,-1.046,-0.961,-1
-1,0.981,0.994,-1
-1,-0.962,0.96,1
-1,0.968,-1.031,1
-1,-0.991,-1.023,-1
-1,0.959,0.969,-1
-1,-0.971,0.966,1
-1,0.95,-0.954,1
-1,-0.997,-0.992,-1
-1,0.98,1.043,-1
-1,-1.044,0.999,1
-1,1.004,-0.978,1
-1,-0.99,-0.956,-1
-1,1.004,0.983,-1
-1,-1.004,0.979,1
-1,1.021,-1.022,1
-1,-0.991,-1.009,-1
-1,0.971,1.038,-1
-1,-0.984,0.983,1
-1,1.035,-0.98,1
-1,-1.021,-0.989,-1
-1,1.01,0.958,-1
-1,-0.968,1.012,1
-1,0.956,-0.972,1
-1,-0.971,-0.953,-1
-1,1.037,0.988,-1
-1,-0.981,1.033,1
-1,0.99,-0.955,1
-1,-0.984,-1.017,-1
-1,0.959,1.007,-1
-1,-1.033,0.984,1
-1,1.003,-1.015,1
-1,-0.992,-0.957,-1
-1,0.993,1.043,-1
-1,-0.984,1.001,1
-1,0.99,-0.956,1
-1,-1.013,-0.976,-1
-1,0.962,1.047,-1
-1,-0.999,1.045,1
-1,0.967,-0.958,1
-1,-0.958,-1.013,-1
-1,0.98,0.963,-1
-1,-0.954,0.96,1
-1,1.039,-1.022,1
-1,-1.041,-0.964,-1
-1,0.994,0.99,-1
-1,-0.968,1.019,1
-1,0.97,-0.957,1
-1,-0.958,-0.988,-1
-1,0.964,0.977,-1
-1,-1.043,1.044,1
-1,0.955,-1.037,1
-1,-1.039,-1.037,-1
-1,1.043,1.014,-1
-1,-1.047,1.045,1
-1,1.012,-0.969,1
-1,-1.004,-1.041,-1
-1,0.998,1.018,-1
-1,-1.026,0.961,1
-1,1.004,-1.015,1
-1,-1.023,-1.017,-1
-1,0.99,1.012,-1
-1,-1.023,1.027,1
-1,0.967,-1.01,1
-1,-1.008,-1.05,-1
-1,0.95,1.008,-1
-1,-0.974,1.004,1
-1,0.985,-1.02,1
-1,-1.019,-0.955,-1
-1,0.987,0.973,-1
-1,-1.028,0.977,1
-1,0.979,-1.039,1
-1,-1.039,-0.996,-1
-1,1.03,1.003,-1
-1,-0.957,0.971,1
-1,1.035,-1.022,1
-1,-1.007,-1.05,-1
-1,1.005,1.021,-1
-1,-0.98,1.002,1
-1,1.025,-1.019,1
-1,-1.01,-1.016,-1
-1,0.99,1.036,-1
-1,-1.016,0.998,1
-1,0.989,-0.985,1
-1,-0.954,-1.038,-1
-1,1.012,1.002,-1
-1,-1.019,1.037,1
-1,1.014,-0.993,1
-1,-1.002,-0.994,-1
-1,1.02,1,-1
-1,-0.968,0.951,1
-1,1.043,-0.951,1
-1,-1.018,-1.006,-1
-1,0.981,1.025,-1
-1,-1.046,1,1
-1,0.976,-0.984,1
-1,-1.012,-1.049,-1
-1,0.973,0.993,-1
-1,-1.009,1.03,1
-1,1.045,-1.032,1
-1,-0.991,-0.987,-1
-1,0.978,0.979,-1
-1,-0.962,1.004,1
-1,0.963,-0.971,1
-1,-0.981,-0.984,-1
-1,1.029,1.027,-1
-1,-1.013,0.952,1
-1,0.965,-0.958,1
-1,-1.027,-0.978,-1
-1,0.998,0.973,-1
-1,-0.997,0.998,1
-1,1.045,-0.953,1
-1,-1.042,-1.042,-1
-1,0.961,1.043,-1
-1,-0.985,1.031,1
-1,0.952,-1.04,1
-1,-1.022,-0.994,-1
-1,0.955,1.015,-1
-1,-1.027,1.019,1
-1,0.965,-0.997,1
-1,-1.045,-0.966,-1
-1,1.028,0.995,-1
-1,-1.01,0.983,1
-1,1.035,-1.05,1
-1,-0.982,-0.956,-1
-1,0.983,1.035,-1
-1,-1.002,1.031,1
-1,0.982,-0.994,1
-1,-1.04,-0.978,-1
-1,1.032,0.951,-1
-1,-1.044,0.985,1
-1,1.01,-0.979,1
-1,-1.023,-1.013,-1
-1,0.993,1.018,-1
-1,-1.017,1.045,1
-1,1.021,-1.047,1
-1,-1.008,-1.039,-1
-1,1.029,0.984,-1
-1,-1.038,1.043,1
-1,0.98,-0.989,1
-1,-1.016,-0.992,-1
-1,0.976,0.956,-1
-1,-0.959,0.993,1
-1,1.038,-1.023,1
-1,-1.031,-0.966,-1
-1,0.974,1.043,-1
-1,-1.015,0.974,1
-1,1.044,-0.968,1
-1,-0.983,-1.023,-1
-1,0.955,0.996,-1
-1,-0.964,1.039,1
-1,0.99,-1.013,1
-1,-1,-0.991,-1
-1,1.028,1.006,-1
-1,-0.973,0.953,1
-1,0.992,-1.05,1
-1,-1.039,-1.025,-1
-1,0.993,1.045,-1
-1,-1.034,0.965,1
-1,0.954,-1.044,1
-1,-0.982,-1.009,-1
-1,0.985,1.048,-1
-1,-1.025,0.963,1
-1,0.973,-1.038,1
-1,-1.032,-0.993,-1
-1,1.046,0.989,-1
-1,-0.964,1.044,1
-1,0.996,-1.007,1
-1,-1.028,-1.039,-1
-1,1.03,1.005,-1
-1,-0.992,0.997,1
-1,1.02,-0.96,1
-1,-0.977,-1.023,-1
-1,0.963,1.004,-1
-1,-0.954,1.022,1
-1,1,-1.009,1
-1,-1.009,-1.004,-1
-1,0.975,0.963,-1
-1,-1.026,0.979,1
-1,1.045,-1.047,1
-1,-0.956,-0.957,-1
-1,1.017,1.037,-1
-1,-1.01,1.029,1
-1,0.991,-1.025,1
-1,-1.016,-0.99,-1
-1,0.95,0.957,-1
-1,-1.029,1.042,1
-1,1.043,-1.033,1
-1,-1.033,-1.047,-1
-1,0.993,1.043,-1
-1,-1.011,0.961,1
-1,0.975,-1.022,1
-1,-0.972,-1.002,-1
-1,1,1.042,-1
-1,-1.006,1.004,1
-1,0.973,-0.997,1
-1,-1.014,-1.003,-1
-1,0.996,0.976,-1
-1,-0.989,0.954,1
-1,0.988,-0.979,1
-1,-0.964,-1.045,-1
-1,1.049,1.006,-1
-1,-1.022,1.017,1
-1,1.001,-1.031,1
-1,-0.959,-0.984,-1
-1,0.967,0.996,-1
-1,-0.957,1.037,1
-1,0.971,-1.038,1
-1,-0.983,-0.951,-1
-1,0.994,1.047,-1
-1,-1.049,0.978,1
-1,0.992,-1.046,1
-1,-0.982,-0.982,-1
-1,0.991,1.046,-1
-1,-0.988,0.97,1
-1,0.994,-1.032,1
-1,-1.025,-1.031,-1
-1,1.034,1.024,-1
-1,-0.966,1.009,1
-1,0.999,-1.036,1
-1,-0.955,-1.047,-1
-1,0.982,1.001,-1
-1,-1.013,0.964,1
-1,1.013,-0.999,1
-1,-1.031,-0.96,-1
-1,0.967,1.033,-1
-1,-1.032,1.034,1
-1,1.002,-0.964,1
-1,-0.981,-1.002,-1
-1,0.987,1.047,-1
-1,-1.026,1.018,1
-1,0.977,-1.002,1
-1,-0.957,-0.968,-1
-1,1.021,1.019,-1
-1,-0.957,1.027,1
-1,0.964,-1.046,1
-1,-0.966,-1.007,-1
-1,1.045,0.961,-1
-1,-0.957,1.042,1
-1,1.048,-0.96,1
-1,-0.951,-0.96,-1
-1,1.043,1.024,-1
-1,-1.001,1.024,1
-1,0.964,-0.977,1
-1,-0.981,-1.032,-1
-1,1.015,0.983,-1
-1,-1.012,0.961,1
-1,1.002,-0.987,1
-1,-1.042,-1.001,-1
-1,1.038,0.995,-1
-1,-1.019,0.97,1
-1,0.956,-0.979,1
-1,-0.982,-1.029,-1
-1,1.008,1.007,-1
-1,-1.003,1.032,1
-1,0.988,-1.028,1
-1,-1.027,-1.044,-1
-1,0.956,1.039,-1
-1,-0.994,0.995,1
-1,1.001,-1.027,1
-1,-1.032,-1,-1
-1,1.047,0.986,-1
-1,-0.959,0.956,1
-1,0.96,-1.037,1
-1,-0.999,-0.97,-1
-1,0.994,0.993,-1
-1,-1.009,0.995,1
-1,1.028,-1.001,1
-1,-1.045,-1.036,-1
-1,1.035,0.977,-1
-1,-1.026,0.954,1
-1,1.006,-1.033,1
-1,-1.023,-0.995,-1
-1,0.952,1.036,-1
-1,-0.982,1.048,1
-1,1.029,-1.039,1
-1,-0.961,-0.992,-1
-1,1.04,1.025,-1
-1,-1.04,0.982,1
-1,1.039,-0.954,1
-1,-1,-1.038,-1
-1,0.972,0.979,-1
-1,-0.978,0.986,1
-1,1.027,-0.997,1
-1,-0.974,-0.98,-1
-1,1.035,1.002,-1
-1,-0.999,1.047,1
-1,1.001,-1.049,1
-1,-1.015,-0.957,-1
-1,1.022,0.966,-1
-1,-1.034,0.978,1
-1,0.961,-1.025,1
-1,-1.012,-0.954,-1
-1,0.989,0.994,-1
-1,-0.994,0.976,1
-1,0.952,-0.992,1
-1,-0.962,-1.029,-1
-1,1.036,0.958,-1
-1,-0.973,0.978,1
-1,1.029,-1.003,1
-1,-1.001,-0.97,-1
-1,0.995,0.978,-1
-1,-0.988,0.976,1
-1,0.969,-0.973,1
-1,-0.959,-1.003,-1
-1,1.035,0.981,-1
-1,-1.044,1.034,1
-1,1.004,-0.981,1
-1,-1.041,-0.994,-1
-1,0.971,0.995,-1
-1,-0.985,0.966,1
-1,1.01,-0.953,1
-1,-1.015,-0.96,-1
-1,1.027,0.999,-1
-1,-1.045,1.036,1
-1,1.038,-0.975,1
-1,-1.007,-0.973,-1
-1,0.98,1.037,-1
-1,-0.995,1.032,1
-1,1.003,-1.05,1
-1,-0.996,-0.961,-1
-1,1.038,0.965,-1
-1,-1.042,0.96,1
-1,0.99,-0.951,1
-1,-0.953,-1.043,-1
-1,1.004,0.954,-1
-1,-1.013,1.035,1
-1,1.049,-0.958,1
-1,-1.037,-1.038,-1
-1,1.032,1.033,-1
-1,-0.999,0.979,1
-1,0.987,-1.017,1
-1,-1.05,-0.986,-1
-1,1.033,1.007,-1
-1,-0.982,0.96,1
-1,1.018,-1.042,1
-1,-1.009,-1.018,-1
-1,0.987,1.034,-1
-1,-0.951,0.951,1
-1,1.019,-0.967,1
-1,-0.994,-0.958,-1
-1,0.99,1.037,-1
-1,-1.038,0.96,1
-1,0.97,-1.015,1
-1,-0.987,-1.035,-1
-1,1.047,1.027,-1
-1,-0.976,0.984,1
-1,1.003,-1.017,1
-1,-0.972,-0.964,-1
-1,0.974,0.984,-1
-1,-0.975,0.999,1
-1,0.962,-0.966,1
-1,-1.026,-0.958,-1
-1,0.954,0.972,-1
-1,-0.995,0.963,1
-1,1.012,-0.977,1
-1,-0.966,-0.99,-1
-1,0.972,1.003,-1
-1,-0.953,0.972,1
-1,1,-1.013,1
-1,-1.033,-1.044,-1
-1,0.981,1.047,-1
-1,-1.045,0.986,1
-1,1.007,-0.951,1
-1,-0.96,-0.952,-1
-1,1.035,0.997,-1
-1,-0.966,1.042,1
-1,0.975,-0.954,1
-1,-0.995,-1.022,-1
-1,0.988,0.992,-1
-1,-1.022,1.045,1
-1,0.992,-1.013,1
-1,-1.044,-0.983,-1
-1,1.003,1.043,-1
-1,-1.045,0.996,1
-1,0.959,-1.026,1
-1,-0.996,-0.985,-1
-1,0.989,0.956,-1
-1,-1.041,1.042,1
-1,1.049,-0.975,1
-1,-1.014,-0.989,-1
-1,0.997,0.968,-1
-1,-1.037,0.977,1
-1,0.962,-0.954,1
-1,-1.041,-1.009,-1
-1,0.98,1.04,-1
-1,-1.016,0.965,1
-1,1.036,-1.027,1
-1,-0.984,-1.006,-1
-1,0.986,0.987,-1
-1,-1.034,1.043,1
-1,0.999,-0.979,1
-1,-1.006,-0.973,-1
-1,1.035,0.95,-1
-1,-0.96,1.035,1
-1,0.975,-1.032,1
-1,-0.982,-1.044,-1
-1,0.979,0.958,-1
-1,-1.009,0.975,1
-1,0.986,-0.97,1
-1,-1.034,-0.98,-1
-1,1.034,0.997,-1
-1,-1.022,0.986,1
-1,0.954,-1.05,1
-1,-1.027,-0.986,-1
-1,0.961,0.99,-1
-1,-1,0.954,1
-1,1.033,-0.984,1
-1,-1.009,-0.98,-1
-1,0.995,0.956,-1
-1,-0.962,1.006,1
-1,0.957,-0.984,1
-1,-0.993,-0.972,-1
-1,1.049,1.024,-1
-1,-0.995,1.041,1
-1,1.04,-1.018,1
-1,-0.992,-0.954,-1
-1,0.967,1.04,-1
-1,-0.983,0.957,1
-1,0.984,-1.004,1
-1,-0.988,-1.048,-1
-1,0.989,0.976,-1
-1,-0.955,0.956,1
-1,0.964,-1,1
-1,-0.964,-0.971,-1
-1,1.026,0.972,-1
-1,-0.971,0.951,1
-1,0.962,-0.974,1
-1,-0.986,-0.993,-1
-1,1.02,0.988,-1
-1,-1.038,0.994,1
-1,1.011,-0.97,1
-1,-1.05,-1.007,-1
-1,1.006,1.011,-1
-1,-1.003,0.989,1
-1,0.958,-0.96,1
-1,-0.998,-0.971,-1
-1,0.968,0.969,-1
-1,-1.043,1.034,1
-1,0.997,-0.973,1
-1,-0.975,-1.037,-1
-1,0.959,1.021,-1
-1,-1.008,0.989,1
-1,0.986,-1.029,1
-1,-1.049,-1.016,-1
-1,0.979,1.008,-1
-1,-1.014,1.019,1
-1,1.047,-1.046,1
-1,-0.952,-1.048,-1
-1,0.955,0.988,-1
-1,-1.018,1.015,1
-1,0.966,-0.969,1
-1,-0.971,-1.027,-1
-1,0.977,1.021,-1
-1,-1.037,1.032,1
-1,0.99,-1.034,1
-1,-0.962,-1.031,-1
-1,1.039,0.963,-1
-1,-0.991,1.001,1
-1,1.021,-0.967,1
-1,-0.986,-1.012,-1
-1,0.962,1.034,-1
-1,-0.991,0.951,1
-1,1.024,-1.017,1
-1,-0.991,-1.036,-1
-1,0.999,1.045,-1
-1,-1.028,0.991,1
-1,0.966,-0.973,1
-1,-0.998,-0.985,-1
-1,1.041,0.988,-1
-1,-1.04,1.017,1
-1,1.005,-0.963,1
-1,-1.026,-1.028,-1
-1,0.989,0.991,-1
-1,-1.002,0.954,1
-1,0.984,-0.982,1
-1,-1.009,-0.978,-1
-1,1.018,1.024,-1
-1,-0.974,0.987,1
-1,0.983,-1.009,1
-1,-1.005,-1.032,-1
-1,0.965,1.024,-1
-1,-0.998,0.996,1
-1,1.006,-1.026,1
-1,-0.984,-0.969,-1
-1,0.994,0.99,-1
-1,-1.016,1.046,1
-1,1.026,-1.023,1
-1,-1.045,-1.032,-1
-1,1.041,0.991,-1
-1,-0.985,1.041,1
-1,1.021,-0.991,1
-1,-1.05,-1.033,-1
-1,0.966,0.993,-1
-1,-1.026,1.014,1
-1,0.955,-0.993,1
-1,-1.048,-0.984,-1
-1,1.025,0.996,-1
-1,-1.018,1.039,1
-1,0.996,-1.005,1
-1,-1.047,-0.998,-1
-1,0.951,0.976,-1
-1,-0.997,1.034,1
-1,0.999,-1,1
-1,-1.045,-1.004,-1
-1,0.975,1.02,-1
-1,-1.014,1.045,1
-1,1.043,-1.027,1
-1,-1.018,-0.994,-1
-1,1.046,0.96,-1
-1,-0.974,1.042,1
-1,1,-0.96,1
-1,-0.955,-0.998,-1
-1,1,0.965,-1
-1,-1.014,1.011,1
-1,1.01,-0.966,1
-1,-1.021,-1.016,-1
-1,1,1.032,-1
-1,-1.044,0.986,1
-1,1.034,-0.96,1
-1,-1.033,-0.968,-1
-1,1.016,0.966,-1
-1,-0.962,0.975,1
-1,0.951,-1.04,1
-1,-1,-0.968,-1
-1,0.971,1.043,-1
-1,-1.012,1.004,1
-1,1.043,-0.955,1
-1,-0.97,-1.012,-1
-1,1.017,0.97,-1
-1,-1.005,1.033,1
-1,1.015,-0.954,1
-1,-1.017,-0.96,-1
-1,0.982,1.039,-1
-1,-1.011,1.033,1
-1,0.967,-1.021,1
-1,-0.997,-0.971,-1
-1,0.963,0.95,-1
-1,-0.998,0.995,1
-1,1.011,-0.999,1
-1,-1.032,-0.987,-1
-1,0.963,0.957,-1
-1,-0.996,1.026,1
-1,0.967,-1.039,1
-1,-1.021,-0.986,-1
-1,1.016,0.981,-1
-1,-1.008,1.048,1
-1,0.972,-0.995,1
-1,-0.963,-0.993,-1
-1,1.008,1.014,-1
-1,-0.988,0.96,1
-1,0.996,-0.985,1
-1,-0.97,-0.985,-1
-1,0.996,0.99,-1
-1,-0.953,0.992,1
-1,1.014,-0.956,1
-1,-0.966,-0.98,-1
-1,0.965,0.95,-1
-1,-1.044,0.956,1
-1,0.952,-0.954,1
-1,-1.017,-1.039,-1
-1,1.017,0.965,-1
-1,-1.005,1.025,1
-1,1.004,-1.002,1
-1,-1.031,-0.971,-1
-1,1.038,0.971,-1
-1,-0.958,1.047,1
-1,1.047,-1.041,1
-1,-0.998,-0.979,-1
-1,1.008,0.972,-1
-1,-0.991,1.047,1
-1,1.049,-0.951,1
-1,-1.03,-1.03,-1
-1,0.986,1.034,-1
-1,-1.038,0.965,1
-1,1.003,-0.965,1
-1,-1.009,-0.951,-1
-1,1.017,0.958,-1
-1,-1.006,1.019,1
-1,1.031,-0.971,1
-1,-1.042,-1.043,-1
-1,1.009,0.956,-1
-1,-1.001,1.025,1
-1,0.976,-1.026,1
-1,-1.043,-0.976,-1
-1,1.034,0.978,-1
-1,-1.004,0.995,1
-1,1.031,-1.036,1
-1,-1.001,-0.982,-1
-1,0.988,0.957,-1
-1,-0.957,0.954,1
-1,0.955,-0.953,1
-1,-1.033,-0.995,-1
-1,0.991,0.993,-1
-1,-1.017,1.047,1
-1,1.029,-1.014,1
-1,-0.995,-1.017,-1
-1,1.004,0.98,-1
-1,-0.998,0.954,1
-1,1.029,-0.962,1
-1,-0.98,-0.996,-1
-1,1.022,1.026,-1
-1,-1.049,0.965,1
-1,1.036,-1.019,1
-1,-0.97,-0.975,-1
-1,1.01,0.964,-1
-1,-1.012,1.007,1
-1,1.04,-1.012,1
-1,-0.969,-1.003,-1
-1,0.992,0.968,-1
-1,-0.98,0.981,1
-1,1.011,-1.031,1
-1,-0.969,-0.96,-1
-1,0.983,1.022,-1
-1,-0.987,0.952,1
-1,0.952,-1.022,1
-1,-1.029,-0.952,-1
-1,0.997,0.995,-1
-1,-1.044,0.972,1
-1,1.036,-0.956,1
-1,-0.973,-1.006,-1
-1,1.033,0.997,-1
-1,-1.01,1.035,1
-1,1.014,-1.027,1
-1,-1.013,-0.997,-1
-1,1.018,0.98,-1
-1,-0.995,1.016,1
-1,1.008,-1.038,1
-1,-0.994,-1.032,-1
-1,0.951,0.992,-1
-1,-0.974,0.956,1
-1,0.952,-0.966,1
-1,-1.027,-0.98,-1
-1,0.962,1,-1
-1,-0.975,0.961,1
-1,1,-0.955,1
-1,-0.962,-1.03,-1
-1,0.951,1.033,-1
-1,-0.952,1.042,1
-1,0.998,-0.966,1
-1,-1.005,-0.963,-1
-1,1.012,0.993,-1
-1,-0.992,1.009,1
-1,1.021,-1.034,1
-1,-0.978,-1.018,-1
-1,0.991,1.033,-1
-1,-0.962,0.965,1
-1,1.026,-1.034,1
-1,-0.952,-1.011,-1
-1,1.033,0.955,-1
-1,-0.953,0.996,1
-1,1.019,-0.975,1
-1,-1.033,-0.963,-1
-1,0.97,0.98,-1
-1,-1.008,0.985,1
-1,1.039,-0.977,1
-1,-0.97,-0.977,-1
-1,1.027,1.036,-1
-1,-0.969,1.035,1
-1,0.972,-1.005,1
-1,-0.971,-0.965,-1
-1,0.963,0.985,-1
-1,-1.015,1.033,1
-1,1.036,-0.954,1
-1,-1.002,-0.965,-1
-1,1.002,0.971,-1
-1,-0.99,1.032,1
-1,0.986,-0.962,1
-1,-1.031,-1.014,-1
-1,1.042,1.015,-1
-1,-0.972,1.048,1
-1,1.046,-0.964,1
-1,-1.039,-0.974,-1
-1,0.997,0.971,-1
-1,-1.048,0.995,1
-1,0.952,-0.986,1
-1,-1.011,-0.978,-1
-1,1.007,1.02,-1
-1,-1.03,1.004,1
-1,1.009,-0.97,1
-1,-0.952,-0.959,-1
-1,1.01,0.96,-1
-1,-0.959,1.017,1
-1,0.983,-0.975,1
-1,-1.014,-0.951,-1
-1,1.025,1.04,-1
-1,-0.974,1.006,1
-1,1.022,-1.047,1
-1,-0.964,-0.983,-1
-1,0.965,0.992,-1
-1,-0.955,1.016,1
-1,1.006,-0.964,1
-1,-1.013,-0.952,-1
-1,0.976,1.014,-1
-1,-0.965,1.015,1
-1,0.958,-1.01,1
-1,-0.99,-1.036,-1
-1,1.004,0.962,-1
-1,-0.998,0.988,1
-1,0.956,-1.025,1
-1,-1.02,-1.001,-1
-1,1.029,1.029,-1
-1,-1.037,0.988,1
-1,0.967,-1.029,1
-1,-1.005,-0.959,-1
-1,1.019,0.989,-1
-1,-1.042,1.015,1
-1,1.012,-0.977,1
-1,-0.969,-0.98,-1
-1,0.997,1.003,-1
-1,-1.042,0.958,1
-1,0.965,-1.021,1
-1,-0.984,-0.961,-1
-1,1.013,1.021,-1
-1,-1.009,1.009,1
-1,0.981,-0.978,1
-1,-1.036,-0.984,-1
-1,1.038,1.02,-1
-1,-0.982,1.049,1
-1,1.005,-1,1
-1,-1.006,-1.014,-1
-1,1.028,0.956,-1
-1,-1.023,0.963,1
-1,0.973,-0.979,1
-1,-1.023,-0.977,-1
-1,1.011,1.023,-1
-1,-1.016,0.952,1
-1,1.037,-1.033,1
-1,-0.987,-0.997,-1
-1,0.976,1.045,-1
-1,-0.955,0.963,1
-1,0.956,-0.98,1
-1,-0.991,-1.045,-1
-1,1.046,0.983,-1
-1,-1.027,1.002,1
-1,1.029,-1.031,1
-1,-1.024,-0.957,-1
-1,1.035,1.015,-1
-1,-0.979,0.994,1
-1,0.957,-0.979,1
-1,-0.963,-0.951,-1
-1,0.969,1.046,-1
-1,-1.035,1.002,1
-1,1.042,-0.997,1
-1,-0.993,-0.96,-1
-1,1.009,1.007,-1
-1,-0.964,0.959,1
-1,1.015,-0.964,1
-1,-1.031,-0.991,-1
-1,0.963,0.985,-1
-1,-1.022,0.951,1
-1,1.018,-0.981,1
-1,-0.994,-1.019,-1
-1,1.028,1.024,-1
-1,-0.955,0.993,1
-1,1.024,-1.034,1
-1,-1.026,-1.039,-1
-1,1.035,0.972,-1
-1,-0.979,1.007,1
-1,1.045,-0.976,1
-1,-1.012,-0.967,-1
-1,1.008,1.045,-1
-1,-1.028,1.033,1
-1,0.981,-1.047,1
-1,-1.018,-1.05,-1
-1,1.04,1.03,-1
-1,-1.042,0.955,1
-1,0.952,-0.992,1
-1,-1.032,-0.993,-1
-1,1.011,0.97,-1
-1,-1.022,1.006,1
-1,0.963,-1.018,1
-1,-0.958,-0.968,-1
-1,1.017,0.97,-1
-1,-0.992,1.024,1
-1,1.037,-0.956,1
-1,-0.967,-0.986,-1
-1,1.014,0.964,-1
-1,-1.004,1.04,1
-1,0.975,-0.995,1
-1,-0.987,-0.983,-1
-1,1.042,0.981,-1
-1,-1.031,1.03,1
-1,0.968,-1.022,1
-1,-1.002,-1.03,-1
-1,1.029,1.041,-1
-1,-0.984,1.037,1
-1,0.958,-1.024,1
-1,-1.025,-0.991,-1
-1,0.968,0.97,-1
-1,-1.015,0.964,1
-1,1.006,-1.003,1
-1,-0.994,-1.016,-1
-1,1.01,1.001,-1
-1,-1.042,1.028,1
-1,1.044,-0.961,1
-1,-1.026,-0.974,-1
-1,1.044,1.04,-1
-1,-0.961,1.022,1
-1,0.969,-1.049,1
-1,-1.048,-1.006,-1
-1,0.973,0.989,-1
-1,-1.041,0.977,1
-1,0.987,-0.964,1
-1,-1.034,-1.023,-1
-1,1.019,0.973,-1
-1,-0.951,0.964,1
-1,0.965,-1.006,1
-1,-1.014,-0.981,-1
-1,1.028,1.026,-1
-1,-0.992,1.002,1
-1,0.996,-1.013,1
-1,-1.035,-0.962,-1
-1,0.966,1.038,-1
-1,-0.968,1.024,1
-1,0.983,-1.035,1
-1,-0.994,-0.994,-1
-1,1.012,0.966,-1
-1,-1.026,0.979,1
-1,0.992,-0.966,1
-1,-0.978,-1.001,-1
-1,1.046,0.976,-1
-1,-0.968,0.952,1
-1,1.025,-1.034,1
-1,-0.985,-0.998,-1
-1,1.009,1.005,-1
-1,-1.033,0.994,1
-1,1.004,-1.007,1
-1,-1.026,-0.951,-1
-1,0.972,0.971,-1
-1,-1.017,0.963,1
-1,0.967,-0.957,1
-1,-0.977,-0.99,-1
-1,1.025,1.024,-1
-1,-0.965,0.951,1
-1,0.972,-1.042,1
-1,-0.955,-1.024,-1
-1,0.97,1.041,-1
-1,-0.962,0.979,1
-1,1.022,-0.973,1
-1,-0.957,-1.042,-1
-1,1.004,0.972,-1
-1,-0.974,0.987,1
-1,0.966,-1.047,1
-1,-0.96,-1.038,-1
-1,1.039,1.003,-1
-1,-0.971,1.049,1
-1,0.972,-1.048,1
-1,-1.048,-0.981,-1
-1,1.004,0.979,-1
-1,-1.016,0.988,1
-1,1.024,-1.024,1
-1,-0.987,-1.016,-1
-1,1.022,0.998,-1
-1,-0.997,0.953,1
-1,0.957,-1.032,1
-1,-1.017,-1.013,-1
-1,1.045,1.029,-1
-1,-0.989,0.994,1
-1,1.009,-0.989,1
-1,-1.043,-0.974,-1
-1,1.022,0.995,-1
-1,-0.958,1.022,1
-1,0.978,-0.954,1
-1,-1.039,-1.015,-1
-1,0.985,0.979,-1
-1,-1.034,0.982,1
-1,1.006,-0.992,1
-1,-1.001,-1.03,-1
-1,1.046,0.974,-1
-1,-1.03,0.976,1
-1,0.956,-0.967,1
-1,-1.005,-0.976,-1
-1,1.041,1.038,-1
-1,-1.012,1.014,1
-1,0.954,-0.973,1
-1,-0.997,-1.008,-1
-1,0.954,0.973,-1
-1,-0.998,0.975,1
-1,0.961,-1.008,1
-1,-1.026,-1.001,-1
-1,0.985,1.04,-1
-1,-1.004,0.978,1
-1,1.005,-1.046,1
-1,-1.009,-1.041,-1
-1,1.031,1.029,-1
-1,-1.048,1.033,1
-1,1.042,-1.018,1
-1,-1.038,-0.951,-1
-1,1.011,0.997,-1
-1,-1.045,1.04,1
-1,1.019,-0.991,1
-1,-1.022,-1.011,-1
-1,0.978,1.03,-1
-1,-0.979,1.028,1
-1,0.99,-0.994,1
-1,-1.002,-1.006,-1
-1,0.995,0.975,-1
-1,-1.04,1.048,1
-1,0.966,-0.97,1
-1,-1.035,-0.986,-1
-1,0.976,1.022,-1
-1,-0.971,1.043,1
-1,1.032,-1.045,1
-1,-1.014,-1.017,-1
-1,0.955,1.037,-1
-1,-1.018,0.988,1
-1,1.015,-0.986,1
-1,-1.032,-0.951,-1
-1,0.982,0.958,-1
-1,-0.954,0.988,1
-1,1.028,-1.012,1
-1,-1.005,-0.991,-1
-1,1.019,0.994,-1
-1,-0.988,1.019,1
-1,0.999,-1.032,1
-1,-0.983,-0.992,-1
-1,0.993,1.011,-1
-1,-1.047,1.04,1
-1,1.036,-1.024,1
-1,-1.047,-1.046,-1
-1,0.95,1.018,-1
-1,-1.027,0.997,1
-1,1.046,-0.984,1
-1,-1.02,-0.985,-1
-1,1.002,0.95,-1
-1,-1.033,1.023,1
-1,1.036,-0.982,1
-1,-0.953,-0.971,-1
-1,0.974,0.978,-1
-1,-0.99,1.008,1
-1,0.975,-0.983,1
-1,-1.038,-1.016,-1
-1,1.002,1.019,-1
-1,-0.988,1.02,1
-1,0.961,-1.015,1
-1,-0.96,-1.039,-1
-1,1.014,1,-1
-1,-0.99,0.995,1
-1,1.017,-0.996,1
-1,-0.963,-1.033,-1
-1,1.015,0.992,-1
-1,-0.962,1.023,1
-1,0.965,-0.971,1
-1,-1.013,-0.962,-1
-1,1.019,1.036,-1
-1,-1.02,0.959,1
-1,0.99,-1.029,1
-1,-1.031,-0.969,-1
-1,0.976,0.97,-1
-1,-1.039,1.004,1
-1,1.043,-0.966,1
-1,-0.993,-0.951,-1
-1,0.986,0.979,-1
-1,-1,1.007,1
-1,0.955,-0.985,1
-1,-1.016,-1.001,-1
-1,1.044,1.042,-1
-1,-0.98,0.969,1
-1,0.967,-1.037,1
-1,-0.997,-1.033,-1
-1,1.027,1.01,-1
-1,-1.045,1.003,1
-1,1.041,-0.988,1
-1,-0.974,-0.996,-1
-1,1.022,0.984,-1
-1,-1.034,1,1
-1,1.043,-1.005,1
-1,-0.998,-1.003,-1
-1,0.971,1.011,-1
-1,-1.006,1.009,1
-1,1.016,-0.965,1
-1,-1.011,-1.032,-1
-1,0.957,1.018,-1
-1,-0.996,1,1
-1,0.982,-0.951,1
-1,-1.03,-1.015,-1
-1,1.048,1.042,-1
-1,-1.034,1.032,1
-1,0.979,-1.034,1
-1,-0.991,-0.992,-1
-1,1.033,1.049,-1
-1,-1.015,1.007,1
-1,1.02,-0.979,1
-1,-1.008,-0.97,-1
-1,1.027,0.956,-1
-1,-0.955,1.036,1
-1,0.953,-0.998,1
-1,-1.032,-1.015,-1
-1,1.035,0.978,-1
-1,-0.972,1.01,1
-1,0.951,-1.001,1
-1,-0.986,-0.965,-1
-1,0.976,1.007,-1
-1,-1.013,0.991,1
-1,0.988,-0.957,1
-1,-0.954,-1.017,-1
-1,1.043,1.018,-1
-1,-0.977,0.985,1
-1,0.959,-0.954,1
-1,-0.969,-0.989,-1
-1,0.989,1.034,-1
-1,-1.027,1.049,1
-1,0.981,-1.001,1
-1,-1.008,-1.044,-1
-1,1,1.037,-1
-1,-1.01,1.019,1
-1,0.973,-0.962,1
-1,-0.983,-0.967,-1
-1,0.95,1.008,-1
-1,-1.044,0.988,1
-1,1.013,-1.03,1
-1,-0.984,-0.992,-1
-1,1.035,0.973,-1
-1,-1.021,1.048,1
-1,1.006,-0.98,1
-1,-0.975,-0.954,-1
-1,1.033,1.038,-1
-1,-1.031,0.996,1
-1,1.04,-0.975,1
-1,-0.981,-1.031,-1
-1,0.991,1.047,-1
-1,-1.005,1.004,1
-1,1.008,-0.992,1
-1,-0.956,-0.959,-1
-1,0.991,0.987,-1
-1,-1.05,0.982,1
-1,1.025,-1.014,1
-1,-1.012,-0.992,-1
-1,1.03,1.035,-1
-1,-1.037,1.034,1
-1,1.003,-1.023,1
-1,-0.965,-1.024,-1
-1,1.02,0.986,-1
-1,-0.969,1.02,1
-1,0.999,-1.002,1
-1,-0.973,-0.951,-1
-1,0.985,1.023,-1
-1,-1.013,1.001,1
-1,0.981,-1.033,1
-1,-1.017,-0.979,-1
-1,1.026,0.979,-1
-1,-1.019,0.994,1
-1,0.992,-0.983,1
-1,-1.05,-1.022,-1
-1,0.966,0.984,-1
-1,-0.951,1.007,1
-1,0.99,-0.969,1
-1,-1.027,-1.009,-1
-1,0.981,0.999,-1
-1,-1.011,1.049,1
-1,1.025,-0.951,1
-1,-0.987,-1.005,-1
-1,0.976,0.951,-1
-1,-1.026,1.033,1
-1,1.039,-1.015,1
-1,-1.026,-0.955,-1
-1,0.995,1.02,-1
-1,-0.967,0.967,1
-1,1.042,-0.998,1
-1,-1.026,-0.977,-1
-1,0.99,1.005,-1
-1,-0.982,1.02,1
-1,0.993,-1.02,1
-1,-0.994,-0.985,-1
-1,0.964,1.03,-1
-1,-0.992,1.008,1
-1,0.974,-1.042,1
-1,-1.039,-0.983,-1
-1,0.967,0.978,-1
-1,-0.96,1.049,1
-1,1.03,-0.98,1
-1,-0.96,-1.038,-1
-1,0.95,1.014,-1
-1,-0.975,1.034,1
-1,1.032,-1.039,1
-1,-1.044,-0.982,-1
-1,0.994,0.976,-1
-1,-1.014,1.016,1
-1,1.042,-0.962,1
-1,-1.012,-0.985,-1
-1,0.962,0.997,-1
-1,-1.004,1.009,1
-1,1.002,-0.979,1
-1,-0.994,-1.04,-1
-1,1.007,1.016,-1
-1,-1,1.02,1
-1,0.995,-1.025,1
-1,-1.002,-0.976,-1
-1,1.024,0.993,-1
-1,-1.021,0.986,1
-1,1.013,-1.034,1
-1,-0.992,-1.016,-1
-1,0.951,1.011,-1
-1,-0.995,0.965,1
-1,1.024,-0.968,1
-1,-1.011,-0.968,-1
-1,0.974,0.95,-1
-1,-0.975,0.987,1
-1,1.026,-1.05,1
-1,-1.026,-0.986,-1
-1,0.987,1.045,-1
-1,-1.025,0.979,1
-1,1.001,-0.962,1
-1,-0.956,-1.006,-1
-1,0.956,1.025,-1
-1,-0.979,1.04,1
-1,1.034,-1.031,1
-1,-0.971,-0.955,-1
-1,1.008,0.957,-1
-1,-1.005,1.024,1
-1,0.988,-0.994,1
-1,-1.03,-1.018,-1
-1,1.016,0.972,-1
-1,-0.993,1.003,1
-1,1.021,-0.995,1
-1,-0.961,-1.025,-1
-1,0.979,0.978,-1
-1,-1.011,0.977,1
-1,1.044,-0.96,1
-1,-1.002,-0.996,-1
-1,0.967,1.042,-1
-1,-1.02,0.968,1
-1,0.998,-0.994,1
-1,-0.96,-0.968,-1
-1,0.993,0.989,-1
-1,-1.049,1.043,1
-1,0.977,-0.981,1
-1,-0.957,-1.017,-1
-1,0.981,1.042,-1
-1,-1.015,0.976,1
-1,0.992,-0.97,1
-1,-1.034,-0.989,-1
-1,0.967,0.957,-1
-1,-1.03,0.995,1
-1,1.016,-1.029,1
-1,-0.968,-0.968,-1
-1,0.956,1.041,-1
-1,-0.98,0.965,1
-1,1.045,-1.007,1
-1,-0.987,-0.979,-1
-1,1.042,0.985,-1
-1,-1.033,0.962,1
-1,1.031,-0.983,1
-1,-1.029,-0.998,-1
-1,0.972,0.978,-1
-1,-1.02,0.979,1
-1,0.974,-0.951,1
-1,-0.997,-0.999,-1
-1,1.044,0.991,-1
-1,-0.986,1.033,1
-1,0.97,-1.006,1
-1,-0.962,-0.973,-1
-1,0.963,0.952,-1
-1,-0.992,0.952,1
-1,1.003,-1.001,1
-1,-0.992,-0.975,-1
-1,1.04,0.988,-1
-1,-1.027,1.045,1
-1,0.951,-1.045,1
-1,-0.992,-1.027,-1
-1,1.037,0.991,-1
-1,-1.024,0.98,1
-1,0.959,-1.03,1
-1,-1.015,-1.007,-1
-1,0.981,1.024,-1
-1,-1.048,0.95,1
-1,1.021,-0.975,1
-1,-1.041,-1.02,-1
-1,1.044,0.972,-1
-1,-1.014,1.04,1
-1,0.965,-0.998,1
-1,-0.996,-0.968,-1
-1,0.983,1.038,-1
-1,-0.995,1.01,1
-1,0.995,-1.027,1
-1,-1.008,-0.991,-1
-1,1.037,0.993,-1
-1,-1.003,1.034,1
-1,1.039,-0.982,1
-1,-0.962,-0.952,-1
-1,1.03,1.029,-1
-1,-1.043,0.963,1
-1,1.01,-1.003,1
-1,-1.004,-0.979,-1
-1,1.032,0.994,-1
-1,-1.008,0.998,1
-1,0.986,-0.997,1
-1,-1.001,-0.962,-1
-1,0.973,0.975,-1
-1,-0.999,1.04,1
-1,0.989,-1.004,1
-1,-0.988,-0.975,-1
-1,0.974,1.028,-1
-1,-0.965,0.953,1
-1,1.031,-0.973,1
-1,-1,-1.002,-1
-1,1.02,1.044,-1
-1,-1.034,0.979,1
-1,0.976,-1.012,1
-1,-1.035,-0.978,-1
-1,1.002,1.012,-1
-1,-1.029,1.017,1
-1,0.978,-0.985,1
-1,-1.021,-0.991,-1
-1,1.032,1.039,-1
-1,-0.964,0.969,1
-1,0.985,-1.01,1
-1,-0.984,-1.018,-1
-1,1.035,0.972,-1
-1,-1.047,1.011,1
-1,1.046,-1.009,1
-1,-1,-1.018,-1
-1,1.022,1.011,-1
-1,-0.98,0.963,1
-1,1.015,-1.005,1
-1,-1.03,-1.04,-1
-1,0.978,1.02,-1
-1,-1.029,1.046,1
-1,0.954,-1.036,1
-1,-0.951,-1.04,-1
-1,1.019,1.002,-1
-1,-1.015,1.021,1
-1,0.994,-1.02,1
-1,-0.968,-0.989,-1
-1,1.045,1.001,-1
-1,-0.984,1.033,1
-1,0.96,-0.992,1
-1,-0.978,-0.955,-1
-1,0.956,0.964,-1
-1,-0.998,1.034,1
-1,0.955,-1.038,1
-1,-1.029,-1.009,-1
-1,1.025,1.04,-1
-1,-1.025,0.961,1
-1,1.017,-0.968,1
-1,-0.967,-0.963,-1
-1,1.043,1,-1
-1,-0.971,1.018,1
-1,1.024,-0.966,1
-1,-1.021,-1.015,-1
-1,1.01,0.955,-1
-1,-1.039,1.042,1
-1,0.974,-1,1
-1,-1.034,-0.99,-1
-1,0.951,1.009,-1
-1,-1.041,0.973,1
-1,1.017,-1.05,1
-1,-1.025,-0.994,-1
-1,0.99,0.998,-1
-1,-0.995,0.957,1
-1,0.999,-0.959,1
-1,-0.99,-0.968,-1
-1,0.986,0.969,-1
-1,-0.98,1.029,1
-1,0.975,-1.031,1
-1,-1.041,-1.049,-1
-1,0.981,0.974,-1
-1,-1.043,0.975,1
-1,0.951,-0.967,1
-1,-0.981,-0.962,-1
-1,1.014,1.013,-1
-1,-1.026,0.984,1
-1,1.02,-0.999,1
-1,-0.953,-1.026,-1
-1,0.961,1.017,-1
-1,-0.985,0.99,1
-1,1.029,-0.995,1
-1,-1.022,-0.989,-1
-1,0.982,0.977,-1
-1,-0.99,0.989,1
-1,1.016,-1.013,1
-1,-1.002,-1.002,-1
-1,0.954,0.998,-1
-1,-0.985,0.971,1
-1,0.983,-0.975,1
-1,-1.009,-1.036,-1
-1,0.997,1.012,-1
-1,-0.996,1.026,1
-1,1.004,-0.992,1
-1,-1.029,-0.966,-1
-1,1.038,1.016,-1
-1,-1.034,1.006,1
-1,1.03,-1.021,1
-1,-1.013,-1.021,-1
-1,1.039,0.993,-1
-1,-1.046,0.951,1
-1,1.034,-1.03,1
-1,-0.963,-1.014,-1
-1,1.002,1.032,-1
-1,-1.022,1.016,1
-1,1.022,-0.957,1
-1,-0.992,-0.971,-1
-1,1.033,1.037,-1
-1,-1.027,1.047,1
-1,1.046,-0.956,1
-1,-1.049,-0.997,-1
-1,0.97,0.953,-1
-1,-0.978,0.97,1
-1,0.982,-0.997,1
-1,-1.026,-1.017,-1
-1,1.007,1.015,-1
-1,-1.018,1.03,1
-1,1.017,-0.984,1
-1,-0.96,-0.982,-1
-1,0.976,0.978,-1
-1,-0.971,0.994,1
-1,0.953,-1.001,1
-1,-1.017,-1.047,-1
-1,0.96,0.99,-1
-1,-1.023,0.96,1
-1,0.977,-0.968,1
-1,-0.957,-0.963,-1
-1,1.013,1.011,-1
-1,-0.985,1.049,1
-1,1.001,-1.032,1
-1,-0.969,-0.992,-1
-1,0.953,1.008,-1
-1,-1.012,1.028,1
-1,1.014,-0.993,1
-1,-0.978,-1.029,-1
-1,0.972,1.006,-1
-1,-0.983,1.01,1
-1,1.048,-1.007,1
-1,-1.016,-1.009,-1
-1,0.969,1.002,-1
-1,-0.988,0.961,1
-1,0.961,-0.957,1
-1,-1.045,-0.969,-1
-1,1.001,1.01,-1
-1,-0.952,1.021,1
-1,0.992,-0.956,1
-1,-0.966,-1.015,-1
-1,0.95,1.005,-1
-1,-0.995,0.973,1
-1,1,-0.962,1
-1,-1.011,-1.04,-1
-1,0.967,0.982,-1
-1,-1.002,0.96,1
-1,1.045,-1.031,1
-1,-1.002,-0.961,-1
-1,1.021,1.001,-1
-1,-0.955,0.973,1
-1,0.987,-1.001,1
-1,-1.05,-1.043,-1
-1,0.984,1.034,-1
-1,-0.973,0.962,1
-1,0.991,-1.046,1
-1,-0.954,-0.988,-1
-1,0.987,1.001,-1
-1,-0.999,0.982,1
-1,1.015,-1.012,1
-1,-1.005,-1.022,-1
-1,1.044,0.976,-1
-1,-0.972,0.995,1
-1,0.978,-1.045,1
-1,-1.001,-0.993,-1
-1,0.962,0.951,-1
-1,-0.951,0.977,1
-1,1.042,-0.997,1
-1,-0.955,-1.008,-1
-1,1.017,0.999,-1
-1,-0.974,1.005,1
-1,0.992,-1.002,1
-1,-1.047,-1.035,-1
-1,0.997,1.023,-1
-1,-0.985,0.999,1
-1,0.987,-0.981,1
-1,-1.019,-0.98,-1
-1,1.003,1.018,-1
-1,-0.998,1.028,1
-1,1.006,-0.969,1
-1,-0.955,-0.964,-1
-1,0.979,0.981,-1
-1,-0.972,1.009,1
-1,1.002,-0.961,1
-1,-0.992,-1.012,-1
-1,1.004,1.022,-1
-1,-1.042,1.006,1
-1,1.021,-1.003,1
-1,-1.047,-1.039,-1
-1,1.024,0.969,-1
-1,-1.043,0.955,1
-1,1.049,-0.962,1
-1,-0.989,-1.005,-1
-1,0.985,1.042,-1
-1,-1.018,1.026,1
-1,1.017,-1.047,1
-1,-0.983,-0.951,-1
-1,1.004,1.017,-1
-1,-1.038,0.964,1
-1,0.979,-0.957,1
-1,-0.973,-0.996,-1
-1,0.962,0.981,-1
-1,-0.961,0.976,1
-1,0.997,-0.951,1
-1,-0.961,-0.976,-1
-1,0.986,0.962,-1
-1,-0.963,1.007,1
-1,0.953,-0.959,1
-1,-0.968,-1.021,-1
-1,0.977,1.011,-1
-1,-0.998,1.046,1
-1,0.996,-0.967,1
-1,-0.953,-0.996,-1
-1,0.982,0.952,-1
-1,-1.005,1.026,1
-1,0.974,-0.969,1
-1,-0.955,-1.027,-1
-1,0.982,0.993,-1
-1,-1.048,1.019,1
-1,1.032,-0.961,1
-1,-1.013,-0.951,-1
-1,0.985,1.029,-1
-1,-0.996,1.002,1
-1,1.049,-1,1
-1,-1.018,-1.005,-1
-1,1.043,1.021,-1
-1,-1.001,1.04,1
-1,0.954,-0.973,1
-1,-1.045,-1.031,-1
-1,1,0.978,-1
-1,-1.022,0.972,1
-1,1.018,-0.965,1
-1,-0.976,-0.966,-1
-1,1.001,1.034,-1
-1,-1.013,0.965,1
-1,1.039,-0.969,1
-1,-0.976,-0.991,-1
-1,1,0.996,-1
-1,-0.99,0.977,1
-1,0.983,-1.029,1
-1,-0.989,-1.032,-1
-1,0.996,1,-1
-1,-0.987,1.011,1
-1,0.996,-0.992,1
-1,-0.956,-0.979,-1
-1,0.995,0.952,-1
-1,-1.004,0.97,1
-1,1.004,-0.997,1
-1,-0.99,-0.964,-1
-1,0.969,0.985,-1
-1,-1.034,0.963,1
-1,0.985,-0.958,1
-1,-1.032,-0.985,-1
-1,1.02,0.986,-1
-1,-1.025,0.996,1
-1,0.994,-1.038,1
-1,-0.968,-1.035,-1
-1,0.955,0.976,-1
-1,-1.049,1.023,1
-1,0.956,-0.97,1
-1,-0.957,-0.96,-1
-1,1.041,0.964,-1
-1,-1.027,1.007,1
-1,0.95,-1.001,1
-1,-1.028,-0.965,-1
-1,1.012,0.952,-1
-1,-0.982,1.024,1
-1,1.002,-1.002,1
-1,-1.015,-1.012,-1
-1,1.012,0.987,-1
-1,-0.978,1.042,1
-1,0.95,-1.007,1
-1,-1.031,-0.969,-1
-1,1.02,1.041,-1
-1,-1.005,1.034,1
-1,0.964,-0.965,1
-1,-0.971,-0.951,-1
-1,1.032,1.036,-1
-1,-1.031,1,1
-1,1.043,-0.965,1
-1,-1.034,-1.042,-1
-1,1.038,1.049,-1
-1,-1.025,1.046,1
-1,1.019,-1.019,1
-1,-1.036,-1.048,-1
-1,1.02,0.987,-1
-1,-0.952,1.027,1
-1,1.048,-0.999,1
-1,-0.962,-0.987,-1
-1,1.003,0.955,-1
-1,-1.009,1.017,1
-1,1.012,-0.995,1
-1,-0.969,-0.955,-1
-1,0.968,1.022,-1
-1,-0.956,1.02,1
-1,0.988,-1.029,1
-1,-1.005,-1.027,-1
-1,0.993,1.015,-1
-1,-1.032,0.985,1
-1,0.987,-0.951,1
-1,-0.951,-0.958,-1
-1,1.004,0.974,-1
-1,-1.019,1.016,1
-1,0.979,-1.028,1
-1,-0.994,-1.032,-1
-1,1.025,1.042,-1
-1,-1.04,1.011,1
-1,0.982,-1.022,1
-1,-1.028,-1.001,-1
-1,1.027,0.976,-1
-1,-1.002,1.028,1
-1,1.027,-1.012,1
-1,-0.975,-1.006,-1
-1,0.975,0.989,-1
-1,-1.029,0.99,1
-1,0.99,-0.984,1
-1,-0.969,-1.002,-1
-1,0.997,1.001,-1
-1,-1.043,1.001,1
-1,0.96,-0.993,1
-1,-0.973,-1.041,-1
-1,0.953,1.026,-1
-1,-1.01,0.973,1
-1,1.024,-0.996,1
-1,-0.981,-1.044,-1
-1,1.035,1.049,-1
-1,-1.002,0.98,1
-1,1.023,-0.992,1
-1,-1.034,-0.966,-1
-1,1.023,0.981,-1
-1,-1.046,1.033,1
-1,1.041,-1.028,1
-1,-1.04,-0.963,-1
-1,1.014,1.018,-1
-1,-0.956,1.029,1
-1,0.973,-1.041,1
-1,-0.993,-1.009,-1
-1,1.035,1.027,-1
-1,-1.027,1.022,1
-1,0.978,-1.015,1
-1,-1.001,-1.033,-1
-1,0.959,0.993,-1
-1,-0.983,1.015,1
-1,1.04,-0.959,1
-1,-0.981,-1.012,-1
-1,0.954,1.026,-1
-1,-1.038,1.041,1
-1,1.043,-1.041,1
-1,-1.03,-0.953,-1
-1,1.012,0.978,-1
-1,-1.05,1.009,1
-1,0.992,-1.01,1
-1,-0.961,-0.956,-1
-1,0.992,0.97,-1
-1,-0.964,0.996,1
-1,1.014,-0.964,1
-1,-0.979,-1.007,-1
-1,1.016,1.024,-1
-1,-1.005,1.038,1
-1,0.999,-1.023,1
-1,-0.996,-1.046,-1
-1,1.031,0.996,-1
-1,-0.993,1.035,1
-1,0.964,-1,1
-1,-1.018,-0.977,-1
-1,0.993,0.962,-1
-1,-1.018,1.033,1
-1,0.989,-0.982,1
-1,-0.961,-0.967,-1
-1,0.959,1.037,-1
-1,-0.955,0.995,1
-1,0.962,-1.011,1
-1,-1.015,-1.002,-1
-1,1.029,0.957,-1
-1,-1.02,1.004,1
-1,0.951,-1.01,1
-1,-1.007,-1.032,-1
-1,0.962,1.027,-1
-1,-1.027,1.022,1
-1,1.033,-0.965,1
-1,-0.964,-1.03,-1
-1,1.007,0.952,-1
-1,-1.011,0.956,1
-1,1.026,-1.026,1
-1,-0.998,-1.013,-1
-1,0.985,1.049,-1
-1,-1.034,1.04,1
-1,1.017,-1.044,1
-1,-1.029,-0.975,-1
-1,0.97,1.042,-1
-1,-0.985,0.997,1
-1,1.008,-0.966,1
-1,-1.019,-1.021,-1
-1,1.032,0.955,-1
-1,-0.988,1.039,1
-1,0.973,-0.98,1
-1,-1.008,-0.968,-1
-1,1.046,1.03,-1
-1,-0.981,1.022,1
-1,0.965,-0.999,1
-1,-1.014,-0.995,-1
-1,1.024,1.027,-1
-1,-0.996,0.979,1
-1,1.032,-0.999,1
-1,-0.981,-1.013,-1
-1,0.951,1.026,-1
-1,-1.046,1.023,1
-1,1.011,-0.953,1
-1,-0.955,-1.025,-1
-1,1.035,1.012,-1
-1,-1.021,1.01,1
-1,0.968,-0.977,1
-1,-0.971,-1.041,-1
-1,1.012,0.974,-1
-1,-0.976,1.032,1
-1,1.025,-1.035,1
-1,-1.007,-1.004,-1
-1,0.982,1.018,-1
-1,-0.966,1.011,1
-1,1.022,-0.964,1
-1,-0.984,-0.961,-1
-1,1.001,0.954,-1
-1,-1.017,1.044,1
-1,1.026,-0.952,1
-1,-1.046,-1.017,-1
-1,1.018,1.034,-1
-1,-1.033,1.014,1
-1,0.966,-1.036,1
-1,-0.984,-0.954,-1
-1,1.023,0.998,-1
-1,-1.04,1.046,1
-1,0.991,-0.959,1
-1,-0.984,-0.961,-1
-1,0.97,1.005,-1
-1,-1.002,1.001,1
-1,1.031,-0.979,1
-1,-1.025,-1.022,-1
-1,1.023,1.004,-1
-1,-1.041,0.98,1
-1,0.988,-0.959,1
-1,-1.011,-0.997,-1
-1,0.998,1.017,-1
-1,-0.996,1.027,1
-1,1.04,-0.953,1
-1,-0.994,-0.977,-1
-1,1.039,1.012,-1
-1,-1.014,0.979,1
-1,1.038,-1.011,1
-1,-0.965,-1.009,-1
-1,1.017,0.97,-1
-1,-0.99,0.997,1
-1,1.031,-0.968,1
-1,-1.044,-0.961,-1
-1,1.034,0.953,-1
-1,-0.99,1.012,1
-1,0.982,-0.958,1
-1,-1.007,-0.987,-1
-1,0.973,0.961,-1
-1,-1.01,1.042,1
-1,0.993,-0.98,1
-1,-1.031,-1.001,-1
-1,0.962,1.026,-1
-1,-1.005,1.036,1
-1,1.006,-1.047,1
-1,-0.986,-0.952,-1
-1,0.958,1.028,-1
-1,-1.012,0.973,1
-1,0.955,-1.039,1
-1,-0.957,-1.033,-1
-1,0.993,0.977,-1
-1,-1.036,1.04,1
-1,0.966,-1.049,1
-1,-1.011,-1.006,-1
-1,0.986,0.962,-1
-1,-0.976,0.983,1
-1,0.99,-1.049,1
-1,-0.967,-1.015,-1
-1,0.978,0.983,-1
-1,-1.013,0.984,1
-1,1.027,-0.979,1
-1,-1.028,-0.987,-1
-1,1.009,0.99,-1
-1,-0.982,1.032,1
-1,0.998,-0.984,1
-1,-0.96,-1.023,-1
-1,1.008,1.021,-1
-1,-1.044,0.955,1
-1,0.951,-1.016,1
-1,-0.98,-0.995,-1
-1,0.957,1.049,-1
-1,-1.02,1.025,1
-1,0.953,-1.011,1
-1,-0.956,-0.962,-1
-1,1.014,1.023,-1
-1,-1.002,1.008,1
-1,1.03,-0.963,1
-1,-0.986,-1.037,-1
-1,0.963,1.002,-1
-1,-0.98,1.028,1
-1,1.016,-1.046,1
-1,-1.034,-1.001,-1
-1,1.027,0.987,-1
-1,-1.013,1.009,1
-1,0.982,-0.995,1
-1,-1.045,-1.024,-1
-1,0.987,1.016,-1
-1,-1.036,1.005,1
-1,1.04,-1.004,1
-1,-0.968,-1.015,-1
-1,1.043,0.986,-1
-1,-1.004,0.988,1
-1,1.006,-1.047,1
-1,-1.036,-0.951,-1
-1,0.991,0.975,-1
-1,-0.976,0.974,1
-1,0.994,-0.987,1
-1,-1.001,-0.974,-1
-1,1.047,0.984,-1
-1,-1.003,0.976,1
-1,0.993,-1.006,1
-1,-0.958,-0.989,-1
-1,1.019,1.025,-1
-1,-1.011,1.046,1
-1,1.031,-0.979,1
-1,-0.982,-1.037,-1
-1,1.016,0.98,-1
-1,-1.044,0.959,1
-1,1.04,-0.991,1
-1,-0.966,-1.004,-1
-1,1.009,0.953,-1
-1,-1.044,1.041,1
-1,1.043,-0.954,1
-1,-0.967,-1,-1
-1,1.007,0.985,-1
-1,-1.038,1.017,1
-1,1.019,-0.985,1
-1,-1.047,-0.977,-1
-1,1.041,0.966,-1
-1,-1.001,0.965,1
-1,0.968,-1.007,1
-1,-0.962,-0.953,-1
-1,0.961,1.041,-1
-1,-0.976,1.013,1
-1,0.975,-1.043,1
-1,-0.98,-1.029,-1
-1,0.977,1.008,-1
-1,-1.014,1.025,1
-1,0.971,-0.974,1
-1,-0.951,-1.031,-1
-1,0.991,0.961,-1
-1,-1.038,0.959,1
-1,0.985,-0.987,1
-1,-1.02,-1.036,-1
-1,0.986,1.033,-1
-1,-1.018,1.038,1
-1,0.989,-1.045,1
-1,-0.98,-1.01,-1
-1,1.018,1.041,-1
-1,-1.022,1.035,1
-1,0.987,-1.03,1
-1,-1.026,-0.953,-1
-1,1.004,0.953,-1
-1,-0.956,1.012,1
-1,1.015,-0.996,1
-1,-1.05,-1.048,-1
-1,0.964,0.979,-1
-1,-0.956,0.976,1
-1,1.013,-1.022,1
-1,-1.002,-0.971,-1
-1,1.001,1.049,-1
-1,-1.047,0.992,1
-1,1.03,-1.034,1
-1,-0.96,-0.952,-1
-1,1.008,0.98,-1
-1,-0.997,1.001,1
-1,1.012,-1.006,1
-1,-1.001,-0.965,-1
-1,1.005,1.022,-1
-1,-0.961,1.008,1
-1,1.002,-1.021,1
-1,-1.01,-0.99,-1
-1,0.996,0.977,-1
-1,-1.006,0.972,1
-1,0.986,-0.977,1
-1,-0.996,-1.017,-1
-1,1.006,1.001,-1
-1,-0.959,0.984,1
-1,0.981,-1.028,1
-1,-0.971,-1.048,-1
-1,1.026,1.03,-1
-1,-0.981,1.038,1
-1,0.979,-0.965,1
-1,-1.048,-1.04,-1
-1,0.977,1.024,-1
-1,-0.99,1.049,1
-1,0.992,-0.995,1
-1,-0.957,-0.985,-1
-1,0.978,1.022,-1
-1,-0.966,0.976,1
-1,1.048,-1.027,1
-1,-1.049,-0.963,-1
-1,1.038,1.047,-1
-1,-0.998,1.025,1
-1,1,-0.972,1
-1,-0.995,-0.957,-1
-1,0.98,0.956,-1
-1,-1.019,1.039,1
-1,1.015,-1.029,1
-1,-1.023,-0.986,-1
-1,0.99,0.963,-1
-1,-0.961,0.96,1
-1,1.038,-0.987,1
-1,-1.03,-0.962,-1
-1,0.971,1.014,-1
-1,-1.047,1.004,1
-1,0.972,-1.034,1
-1,-0.996,-0.964,-1
-1,0.975,0.974,-1
-1,-1.032,0.952,1
-1,0.97,-0.991,1
-1,-0.962,-0.968,-1
-1,0.991,1.024,-1
-1,-1.05,1.016,1
-1,0.972,-0.996,1
-1,-0.998,-1,-1
-1,0.966,0.976,-1
-1,-0.964,0.952,1
-1,0.987,-1.049,1
-1,-1.049,-1.001,-1
-1,1.017,0.952,-1
-1,-0.985,1.031,1
-1,0.993,-1.04,1
-1,-1.042,-0.961,-1
-1,1.008,1.034,-1
-1,-1.029,0.956,1
-1,1.036,-0.963,1
-1,-0.979,-0.96,-1
-1,1.022,0.968,-1
-1,-0.977,1.003,1
-1,1.031,-0.988,1
-1,-0.954,-1.037,-1
-1,1.001,0.965,-1
-1,-1.046,1.035,1
-1,0.983,-0.986,1
-1,-1.046,-1.013,-1
-1,1.003,1.034,-1
-1,-1.017,1.022,1
-1,0.971,-1.006,1
-1,-0.98,-0.993,-1
-1,1.038,0.979,-1
-1,-0.953,0.99,1
-1,0.973,-1.049,1
-1,-1.007,-0.974,-1
-1,0.981,0.95,-1
-1,-1.002,0.963,1
-1,1.003,-1.039,1
-1,-0.957,-1.018,-1
-1,1.001,0.964,-1
-1,-0.951,0.966,1
-1,0.962,-1.016,1
-1,-1.001,-0.998,-1
-1,0.962,0.991,-1
-1,-1.041,1,1
-1,1.03,-0.981,1
-1,-1.015,-0.988,-1
-1,1.015,0.961,-1
-1,-1.033,0.961,1
-1,1.013,-1.029,1
-1,-1.044,-1.005,-1
-1,0.993,1,-1
-1,-0.957,1.014,1
-1,0.992,-1.006,1
-1,-1.017,-1.014,-1
-1,0.952,0.975,-1
-1,-0.991,1.003,1
-1,0.957,-1.044,1
-1,-1.007,-1.021,-1
-1,1.001,1.02,-1
-1,-0.955,0.978,1
-1,0.991,-0.991,1
-1,-1.03,-1.035,-1
-1,0.994,1.028,-1
-1,-0.992,1.034,1
-1,0.988,-0.967,1
-1,-1.012,-1.013,-1
-1,0.985,0.98,-1
-1,-0.968,0.965,1
-1,1.03,-1.029,1
-1,-1.025,-0.998,-1
-1,0.954,0.996,-1
-1,-1.038,0.954,1
-1,0.995,-1.025,1
-1,-1.006,-1.001,-1
-1,1.044,0.979,-1
-1,-1.018,0.959,1
-1,0.966,-1.021,1
-1,-0.989,-1.017,-1
-1,0.98,0.996,-1
-1,-1.018,1.033,1
-1,1.023,-1.011,1
-1,-0.97,-1.015,-1
-1,1.037,1.02,-1
-1,-0.961,0.979,1
-1,1.01,-1.029,1
-1,-0.953,-0.961,-1
-1,1.013,0.994,-1
-1,-1.029,0.955,1
-1,0.965,-1.037,1
-1,-1.016,-0.951,-1
-1,0.987,0.965,-1
-1,-0.986,1.008,1
-1,0.961,-0.967,1
-1,-1.004,-1.007,-1
-1,0.987,0.981,-1
-1,-0.995,1.001,1
-1,1.001,-0.96,1
-1,-0.998,-0.955,-1
-1,0.97,1.011,-1
-1,-0.99,1.017,1
-1,1.023,-1.016,1
-1,-1.017,-0.959,-1
-1,0.951,1.028,-1
-1,-0.963,1.029,1
-1,0.95,-1.035,1
-1,-1.041,-0.978,-1
-1,1.011,1.002,-1
-1,-0.98,0.973,1
-1,1.014,-1.013,1
-1,-1,-1.04,-1
-1,1.041,1.028,-1
-1,-1.007,1.011,1
-1,0.971,-1.032,1
-1,-0.952,-0.967,-1
-1,0.983,1.045,-1
-1,-1.041,1.022,1
-1,1.018,-1.047,1
-1,-0.986,-1.005,-1
-1,0.999,1,-1
-1,-1.004,0.992,1
-1,0.994,-0.995,1
-1,-0.991,-0.982,-1
-1,1.035,0.951,-1
-1,-0.982,0.997,1
-1,0.956,-0.963,1
-1,-1.015,-1.041,-1
-1,1.014,0.983,-1
-1,-0.999,0.99,1
-1,0.975,-1.026,1
-1,-1.004,-1.05,-1
-1,0.988,0.981,-1
-1,-1.029,0.967,1
-1,0.974,-0.966,1
-1,-1.035,-1.006,-1
-1,1.002,0.969,-1
-1,-0.98,1.017,1
-1,0.969,-0.976,1
-1,-0.963,-1.02,-1
-1,0.995,0.966,-1
-1,-1.006,1.049,1
-1,1.012,-0.965,1
-1,-1.035,-1.029,-1
-1,0.952,0.991,-1
-1,-1.046,1.023,1
-1,0.983,-0.998,1
-1,-1.039,-1.021,-1
-1,0.974,1.009,-1
-1,-0.967,1.015,1
-1,0.995,-1,1
-1,-1.024,-0.959,-1
-1,1.047,0.963,-1
-1,-0.979,1.036,1
-1,1.012,-0.96,1
-1,-0.966,-1.044,-1
-1,0.968,0.972,-1
-1,-1.031,1.016,1
-1,0.968,-0.959,1
-1,-0.991,-0.984,-1
-1,0.953,1.029,-1
-1,-0.952,1.017,1
-1,0.995,-1.047,1
-1,-1.02,-1.03,-1
-1,0.975,0.984,-1
-1,-1.029,0.983,1
-1,0.985,-0.963,1
-1,-0.957,-1.023,-1
-1,0.998,0.974,-1
-1,-0.958,0.968,1
-1,0.95,-1.006,1
-1,-1.019,-0.964,-1
-1,1.045,0.958,-1
-1,-0.997,1.047,1
-1,1.042,-1.029,1
-1,-1.031,-1.043,-1
-1,1.021,0.972,-1
-1,-0.989,1.041,1
-1,1.002,-0.999,1
-1,-1.027,-0.985,-1
-1,1.006,1.03,-1
-1,-0.989,1.015,1
-1,0.973,-1.05,1
-1,-1.022,-1.015,-1
-1,1.003,0.962,-1
-1,-0.968,1.026,1
-1,1.007,-0.961,1
-1,-0.958,-0.951,-1
-1,1.026,1.011,-1
-1,-1.008,0.981,1
-1,1.01,-1.05,1
-1,-1.012,-0.97,-1
-1,0.97,0.995,-1
-1,-1.021,1.018,1
-1,0.991,-0.988,1
-1,-1.016,-1.017,-1
-1,1.02,1.032,-1
-1,-1.05,1.01,1
-1,1.014,-1.009,1
-1,-0.951,-1.014,-1
-1,1.015,0.983,-1
-1,-1.021,0.977,1
-1,1.004,-1.022,1
-1,-1.031,-0.966,-1
-1,0.96,1.018,-1
-1,-1.033,1.047,1
-1,0.975,-1.044,1
-1,-1.04,-0.987,-1
-1,0.998,1.04,-1
-1,-0.981,0.994,1
-1,1.049,-1.007,1
-1,-0.995,-0.986,-1
-1,0.987,1.008,-1
-1,-1.044,0.961,1
-1,0.964,-1.003,1
-1,-0.957,-1.021,-1
-1,1.037,1.03,-1
-1,-0.965,1.014,1
-1,0.984,-0.974,1
-1,-1.035,-1.032,-1
-1,1.034,0.997,-1
-1,-1.002,0.997,1
-1,1.005,-1.018,1
-1,-0.969,-1.013,-1
-1,0.977,1.046,-1
-1,-0.991,0.974,1
-1,1.049,-0.997,1
-1,-1.049,-1.009,-1
-1,0.954,0.979,-1
-1,-1.035,1.015,1
-1,1,-1.018,1
-1,-0.967,-1.031,-1
-1,1.046,0.989,-1
-1,-0.972,0.988,1
-1,0.991,-1.047,1
-1,-1.044,-1.03,-1
-1,1.02,0.999,-1
-1,-1.045,0.974,1
-1,1.028,-0.963,1
-1,-0.966,-1.021,-1
-1,0.989,1.048,-1
-1,-0.977,0.988,1
-1,0.965,-1.048,1
-1,-1.009,-0.965,-1
-1,1.013,0.961,-1
-1,-0.984,0.977,1
-1,1.033,-1.02,1
-1,-0.985,-0.968,-1
-1,1.032,0.981,-1
-1,-1.015,1.04,1
-1,0.962,-0.994,1
-1,-1.048,-1.002,-1
-1,0.963,0.976,-1
-1,-0.953,1.014,1
-1,0.965,-0.957,1
-1,-1.043,-1.013,-1
-1,0.968,0.988,-1
-1,-1.026,1.02,1
-1,1.033,-1.005,1
-1,-1.022,-0.991,-1
-1,1.033,0.971,-1
-1,-1.013,1.01,1
-1,0.999,-1.027,1
-1,-0.967,-1.045,-1
-1,0.997,0.963,-1
-1,-0.964,1.034,1
-1,0.959,-1.016,1
-1,-1.05,-0.98,-1
-1,0.989,1.007,-1
-1,-0.982,1.006,1
-1,1.035,-0.958,1
-1,-1.028,-1.017,-1
-1,0.985,1.033,-1
-1,-1.023,1.049,1
-1,1.011,-0.96,1
-1,-1.015,-1.05,-1
-1,1.029,1.023,-1
-1,-1.044,1.035,1
-1,0.995,-1.041,1
-1,-1.014,-0.969,-1
-1,0.989,1.049,-1
-1,-1.049,0.957,1
-1,1.045,-1.031,1
-1,-0.966,-1.023,-1
-1,1.005,1.01,-1
-1,-1.017,1.002,1
-1,0.95,-1.047,1
-1,-0.962,-0.952,-1
-1,1.025,1.019,-1
-1,-1.046,1.04,1
-1,0.993,-0.993,1
-1,-0.993,-1.031,-1
-1,1.025,0.999,-1
-1,-0.96,0.996,1
-1,1.048,-0.983,1
-1,-1.004,-1.041,-1
-1,1.03,1.029,-1
-1,-0.969,0.957,1
-1,0.969,-1.012,1
-1,-1.025,-0.951,-1
-1,1.02,0.964,-1
-1,-1.04,1.005,1
-1,0.982,-0.985,1
-1,-1.032,-1.03,-1
-1,0.987,1.014,-1
-1,-1.041,0.953,1
-1,0.994,-1,1
-1,-1.009,-1.049,-1
-1,0.994,0.977,-1
-1,-1.009,0.96,1
-1,1.046,-1.026,1
-1,-0.967,-0.952,-1
-1,0.99,0.981,-1
-1,-0.98,1.004,1
-1,0.985,-1.047,1
-1,-1.005,-1.041,-1
-1,0.964,0.982,-1
-1,-1.033,0.98,1
-1,0.968,-1.018,1
-1,-1.037,-0.96,-1
-1,1.011,0.982,-1
-1,-1.015,0.967,1
-1,0.995,-1.029,1
-1,-1.032,-1.045,-1
-1,0.983,0.971,-1
-1,-1.004,1.02,1
-1,1.038,-0.956,1
-1,-1.042,-1.023,-1
-1,0.985,1.027,-1
-1,-0.975,0.955,1
-1,1,-1.008,1
-1,-0.996,-1.032,-1
-1,1.04,0.974,-1
-1,-0.971,1.015,1
-1,1.004,-0.979,1
-1,-1.028,-1.006,-1
-1,1.017,0.959,-1
-1,-1.04,1.022,1
-1,1.002,-0.976,1
-1,-0.973,-0.953,-1
-1,1.02,0.991,-1
-1,-0.983,0.991,1
-1,0.967,-0.982,1
-1,-0.985,-1.029,-1
-1,1.005,0.977,-1
-1,-1.036,1.033,1
-1,0.987,-1.018,1
-1,-1.001,-0.988,-1
-1,1.032,0.985,-1
-1,-0.958,0.985,1
-1,0.98,-1.016,1
-1,-1.03,-1.022,-1
-1,1.038,0.974,-1
-1,-1.016,0.983,1
-1,0.953,-1.025,1
-1,-1.028,-0.968,-1
-1,1.01,1.015,-1
-1,-1.02,1.014,1
-1,0.973,-1.028,1
-1,-0.964,-1.042,-1
-1,0.988,0.981,-1
-1,-0.985,0.976,1
-1,1.012,-0.987,1
-1,-0.972,-1.031,-1
-1,1.001,0.991,-1
-1,-1.035,1.026,1
-1,1.018,-1.029,1
-1,-0.952,-0.963,-1
-1,0.981,0.989,-1
-1,-1.011,1.002,1
-1,0.98,-0.976,1
-1,-0.969,-1.008,-1
-1,0.968,0.95,-1
-1,-1.05,0.984,1
-1,0.956,-0.97,1
-1,-0.96,-1.027,-1
-1,1.049,1.018,-1
-1,-0.965,0.984,1
-1,1.005,-1.006,1
-1,-1.006,-1.042,-1
-1,0.95,0.969,-1
-1,-1.032,0.999,1
-1,0.997,-0.97,1
-1,-0.951,-1.002,-1
-1,1.034,0.969,-1
-1,-1.018,0.99,1
-1,1.038,-0.98,1
-1,-0.953,-1.017,-1
-1,0.99,0.972,-1
-1,-1.005,0.99,1
-1,0.977,-1,1
-1,-0.968,-1.003,-1
-1,1.049,1,-1
-1,-1.02,1.046,1
-1,0.954,-1.019,1
-1,-1.045,-0.999,-1
-1,1.032,0.989,-1
-1,-0.983,1.02,1
-1,1.026,-1.007,1
-1,-0.994,-0.977,-1
-1,0.966,1.007,-1
-1,-0.964,1.016,1
-1,0.983,-1.007,1
-1,-0.978,-1.036,-1
-1,1.048,1.021,-1
-1,-1.013,1.011,1
-1,0.959,-1.03,1
-1,-0.964,-1.023,-1
-1,0.991,1.003,-1
-1,-1.027,0.978,1
-1,1.041,-0.953,1
-1,-0.951,-0.969,-1
-1,0.973,0.96,-1
-1,-0.979,1.028,1
-1,1.043,-0.96,1
-1,-0.997,-1.016,-1
-1,1.016,0.997,-1
-1,-1.037,0.972,1
-1,0.995,-0.976,1
-1,-0.962,-1.028,-1
-1,1.027,0.969,-1
-1,-0.967,1.016,1
-1,0.955,-0.956,1
-1,-1.004,-1.026,-1
-1,0.991,1.039,-1
-1,-0.952,1.047,1
-1,1.016,-0.99,1
-1,-0.959,-0.977,-1
-1,1.015,0.955,-1
-1,-1.044,0.988,1
-1,1.046,-1.032,1
-1,-0.988,-1.006,-1
-1,0.976,0.965,-1
-1,-0.957,0.973,1
-1,1.019,-1.026,1
-1,-1.032,-0.981,-1
-1,1.022,1.02,-1
-1,-0.989,0.965,1
-1,0.975,-1.021,1
-1,-0.956,-1.013,-1
-1,1.045,0.98,-1
-1,-1.001,0.95,1
-1,0.951,-0.956,1
-1,-0.989,-1.047,-1
-1,1.042,1.009,-1
-1,-1.002,0.956,1
-1,0.963,-0.981,1
-1,-1.011,-0.995,-1
-1,1.011,1.001,-1
-1,-1.04,1.027,1
-1,1.026,-1.011,1
-1,-1.028,-1.048,-1
-1,0.974,1.046,-1
-1,-1.001,0.973,1
-1,0.962,-1.027,1
-1,-1.036,-0.979,-1
-1,0.958,0.97,-1
-1,-0.969,1.006,1
-1,1.048,-1.001,1
-1,-1.005,-0.953,-1
-1,1.016,0.993,-1
-1,-1.002,1.042,1
-1,0.981,-1.046,1
-1,-0.955,-0.956,-1
-1,1,0.999,-1
-1,-0.999,1.031,1
-1,1.048,-1.005,1
-1,-0.975,-1.005,-1
-1,1.034,0.983,-1
-1,-1.05,1.049,1
-1,1.017,-0.953,1
-1,-1.041,-1.009,-1
-1,0.981,1.049,-1
-1,-0.952,1.024,1
-1,1.037,-0.991,1
-1,-0.988,-1.005,-1
-1,0.979,1.009,-1
-1,-1.026,1.017,1
-1,1.016,-0.982,1
-1,-1.023,-0.956,-1
-1,0.999,1.046,-1
-1,-1.008,0.973,1
-1,1.046,-1.033,1
-1,-1.039,-0.982,-1
-1,0.998,1.031,-1
-1,-1.017,1.024,1
-1,1.038,-0.966,1
-1,-0.982,-0.982,-1
-1,0.975,0.954,-1
-1,-1.006,0.971,1
-1,1.01,-1.039,1
-1,-1.028,-0.999,-1
-1,0.95,0.992,-1
-1,-1.02,0.975,1
-1,0.98,-0.999,1
-1,-1.03,-0.952,-1
-1,0.977,1.03,-1
-1,-1.045,1.032,1
-1,0.975,-1.036,1
-1,-1.038,-1.046,-1
-1,1.042,0.959,-1
-1,-1.012,0.955,1
-1,1.016,-0.984,1
-1,-0.979,-0.97,-1
-1,1.014,0.991,-1
-1,-1.024,1.036,1
-1,0.985,-1.017,1
-1,-0.999,-1.026,-1
-1,1.026,1.042,-1
-1,-0.991,1.001,1
-1,1.046,-1.023,1
-1,-1.043,-0.963,-1
-1,0.977,0.97,-1
-1,-1.045,0.977,1
-1,0.987,-1.04,1
-1,-0.967,-1.047,-1
-1,0.987,1.033,-1
-1,-1.009,0.985,1
-1,0.971,-0.973,1
-1,-0.972,-0.97,-1
-1,0.984,0.961,-1
-1,-1.021,1.003,1
-1,0.98,-1.042,1
-1,-1.02,-1.002,-1
-1,0.982,0.991,-1
-1,-0.98,0.966,1
-1,1.013,-1.032,1
-1,-1.035,-0.966,-1
-1,0.959,1.024,-1
-1,-1.009,1.035,1
-1,0.958,-0.99,1
-1,-1.002,-0.965,-1
-1,1.028,0.951,-1
-1,-0.979,0.955,1
-1,0.951,-0.954,1
-1,-0.978,-1.041,-1
-1,0.981,1.037,-1
-1,-0.98,0.975,1
-1,1.034,-1.048,1
-1,-1.023,-1.004,-1
-1,1.038,1.002,-1
-1,-0.953,1.039,1
-1,1.045,-0.952,1
-1,-0.999,-1.032,-1
-1,1.023,1.007,-1
-1,-1.031,1.023,1
-1,0.965,-0.982,1
-1,-0.967,-1.04,-1
-1,1.009,0.975,-1
-1,-0.954,0.989,1
-1,1.033,-1.032,1
-1,-0.991,-1.032,-1
-1,1.011,1.017,-1
-1,-1.047,1.016,1
-1,0.988,-1.024,1
-1,-0.957,-0.968,-1
-1,1.026,1.01,-1
-1,-1.012,1.007,1
-1,1.03,-0.996,1
-1,-0.972,-0.989,-1
-1,1.018,0.971,-1
-1,-0.977,1.048,1
-1,1.007,-0.992,1
-1,-1.031,-1.005,-1
-1,0.951,1.039,-1
-1,-1.034,1.006,1
-1,0.989,-1.025,1
-1,-1.025,-1.018,-1
-1,1.028,0.971,-1
-1,-1.034,1.012,1
-1,1.037,-1.042,1
-1,-1.012,-1.02,-1
-1,0.955,1.04,-1
-1,-0.951,1.019,1
-1,0.957,-0.997,1
-1,-1.037,-0.994,-1
-1,1.035,1.033,-1
-1,-1.002,1.043,1
-1,1.049,-0.988,1
-1,-1.044,-0.984,-1
-1,0.985,0.969,-1
-1,-0.979,1.014,1
-1,1.049,-1.042,1
-1,-1.003,-1.036,-1
-1,0.964,0.962,-1
-1,-1.043,0.972,1
-1,0.977,-0.958,1
-1,-1.03,-0.951,-1
-1,1.048,1.021,-1
-1,-0.964,1.042,1
-1,1.002,-1.033,1
-1,-1.026,-0.962,-1
-1,1.043,1.039,-1
-1,-0.962,0.964,1
-1,1.046,-0.982,1
-1,-1.004,-0.992,-1
-1,0.987,0.995,-1
-1,-0.982,1.047,1
-1,0.975,-1.003,1
-1,-1.029,-1.013,-1
-1,0.993,0.957,-1
-1,-0.98,0.999,1
-1,0.996,-1.011,1
-1,-0.998,-1.038,-1
-1,0.97,0.981,-1
-1,-0.974,1.041,1
-1,0.975,-1.005,1
-1,-0.951,-1.034,-1
-1,1.024,1.006,-1
-1,-0.973,1.022,1
-1,0.986,-1.042,1
-1,-0.954,-1.041,-1
-1,0.982,1.008,-1
-1,-0.962,0.994,1
-1,0.954,-1.02,1
-1,-1.023,-1.001,-1
-1,0.969,1.018,-1
-1,-0.976,0.951,1
-1,1.011,-0.995,1
-1,-0.984,-1.023,-1
-1,0.963,1.012,-1
-1,-0.97,0.968,1
-1,0.978,-0.961,1
-1,-1.037,-1.009,-1
-1,0.973,1.046,-1
-1,-1.019,0.99,1
-1,0.981,-1.015,1
-1,-1.018,-0.968,-1
-1,1.032,1,-1
-1,-1.006,1.002,1
-1,1.007,-1.049,1
-1,-0.982,-1.017,-1
-1,1.023,1.044,-1
-1,-1.031,0.976,1
-1,1.033,-1.017,1
-1,-0.968,-1.038,-1
-1,0.986,0.975,-1
-1,-0.998,0.962,1
-1,0.974,-1.005,1
-1,-0.954,-1.048,-1
-1,1.023,1.008,-1
-1,-1.045,1.027,1
-1,1.008,-1.039,1
-1,-0.969,-1,-1
-1,1.02,1.03,-1
-1,-0.997,0.977,1
-1,1.009,-1.034,1
-1,-0.953,-1.032,-1
-1,0.968,1.027,-1
-1,-0.969,1.015,1
-1,1.002,-1.037,1
-1,-0.979,-0.974,-1
-1,1.036,1.024,-1
-1,-1.008,0.991,1
-1,0.959,-0.953,1
-1,-0.988,-1.002,-1
-1,0.992,0.998,-1
-1,-0.958,0.986,1
-1,0.97,-1.033,1
-1,-1.021,-1.026,-1
-1,1.031,0.988,-1
-1,-1.044,1.011,1
-1,1,-1.003,1
-1,-0.992,-1.011,-1
-1,0.955,1.031,-1
-1,-0.982,0.964,1
-1,0.951,-1.034,1
-1,-0.956,-0.983,-1
-1,0.995,1.017,-1
-1,-1.011,1.013,1
-1,0.95,-0.976,1
-1,-1.006,-0.951,-1
-1,0.975,1.03,-1
-1,-1.033,0.974,1
-1,0.999,-0.964,1
-1,-0.976,-0.993,-1
-1,1.035,0.965,-1
-1,-0.992,1.025,1
-1,0.98,-0.968,1
-1,-1.039,-1.013,-1
-1,1.02,1.012,-1
-1,-0.959,0.978,1
-1,1.011,-1.038,1
-1,-0.954,-0.974,-1
-1,0.95,1.008,-1
-1,-0.979,1.041,1
-1,0.998,-1.028,1
-1,-0.952,-1,-1
-1,1.008,0.978,-1
-1,-1.005,0.992,1
-1,0.988,-0.99,1
-1,-0.977,-0.973,-1
-1,1.043,1.045,-1
-1,-1.046,0.963,1
-1,0.982,-1.025,1
-1,-1.046,-0.955,-1
-1,0.971,0.998,-1
-1,-0.982,1.034,1
-1,0.97,-0.959,1
-1,-1.012,-1.018,-1
-1,0.969,0.987,-1
-1,-0.984,0.982,1
-1,1.012,-1.016,1
-1,-1.019,-1.013,-1
-1,1.044,0.952,-1
-1,-1.039,0.964,1
-1,0.992,-0.981,1
-1,-1.016,-1.003,-1
-1,0.98,0.953,-1
-1,-1.009,0.956,1
-1,0.961,-0.953,1
-1,-1.013,-1.048,-1
