-1,1.033,1.036,1
-1,-0.973,0.965,1
-1,1.043,-1.015,1
-1,-0.964,-0.958,-1
-1,0.999,0.971,1
-1,-0.988,0.977,1
-1,1.04,-0.991,1
-1,-0.987,-1.024,-1
-1,0.99,0.976,1
-1,-0.978,0.986,1
-1,0.961,-0.982,1
-1,-0.983,-1.021,-1
-1,1.032,0.98,1
-1,-0.988,0.973,1
-1,1.017,-1.015,1
-1,-1.021,-1.048,-1
-1,0.972,1.008,1
-1,-0.981,1.017,1
-1,1.043,-0.994,1
-1,-1.039,-1.008,-1
-1,0.979,1.023,1
-1,-1.029,0.969,1
-1,1.034,-1.013,1
-1,-0.952,-1.026,-1
-1,0.965,1.02,1
-1,-1.037,0.976,1
-1,1.041,-0.97,1
-1,-0.994,-0.977,-1
-1,1.012,1.02,1
-1,-0.954,1.031,1
-1,0.955,-1.025,1
-1,-0.966,-1.023,-1
-1,0.986,0.955,1
-1,-1.004,0.979,1
-1,0.963,-0.993,1
-1,-1.026,-0.955,-1
-1,1.032,0.995,1
-1,-1.036,1.017,1
-1,0.984,-0.986,1
-1,-1.007,-1,-1
-1,1.037,0.958,1
-1,-0.974,1.028,1
-1,1.038,-0.966,1
-1,-1.047,-0.999,-1
-1,1.004,1.049,1
-1,-1.018,1.01,1
-1,1.026,-0.982,1
-1,-1.011,-1.038,-1
-1,0.976,1.036,1
-1,-0.956,0.989,1
-1,1.045,-0.98,1
-1,-1.016,-0.972,-1
-1,1.017,0.951,1
-1,-0.953,0.952,1
-1,0.967,-0.958,1
-1,-0.998,-0.994,-1
-1,0.951,1.03,1
-1,-0.964,0.991,1
-1,1.015,-0.961,1
-1,-1.006,-1.031,-1
-1,0.99,0.979,1
-1,-1.019,0.967,1
-1,1.047,-0.979,1
-1,-0.969,-0.975,-1
-1,0.959,0.977,1
-1,-0.983,1.006,1
-1,1.047,-0.997,1
-1,-0.964,-0.985,-1
-1,0.956,1.033,1
-1,-1.031,0.974,1
-1,0.978,-0.979,1
-1,-1.018,-1.021,-1
-1,0.953,0.969,1
-1,-0.98,1.018,1
-1,0.958,-1.035,1
-1,-1.01,-1.001,-1
-1,1.046,0.973,1
-1,-1.032,0.995,1
-1,0.996,-0.999,1
-1,-1.029,-0.995,-1
-1,1.029,1.038,1
-1,-0.986,0.978,1
-1,0.991,-1,1
-1,-0.957,-1.05,-1
-1,0.984,1.014,1
-1,-1.026,0.964,1
-1,1.037,-0.994,1
-1,-1.007,-0.959,-1
-1,0.977,1.015,1
-1,-0.991,0.986,1
-1,0.982,-0.999,1
-1,-1.013,-1.022,-1
-1,1.025,0.957,1
-1,-0.976,0.971,1
-1,1.008,-0.955,1
-1,-1.021,-1.013,-1
-1,0.985,1.043,1
-1,-1.032,0.978,1
-1,0.993,-1.039,1
-1,-1.022,-1.021,-1
-1,1.026,0.954,1
-1,-1.007,1.013,1
-1,0.963,-1.012,1
-1,-1.044,-1.01,-1
-1,0.954,0.968,1
-1,-1.022,1.038,1
-1,1.019,-1.033,1
-1,-1.033,-0.954,-1
-1,0.974,0.993,1
-1,-0.98,1.033,1
-1,1.04,-0.951,1
-1,-0.978,-1.025,-1
-1,0.994,1.04,1
-1,-1.045,0.989,1
-1,1.004,-0.964,1
-1,-0.981,-0.968,-1
-1,0.992,1.014,1
-1,-0.953,0.957,1
-1,1.005,-1.046,1
-1,-1.002,-1.039,-1
-1,0.972,0.978,1
-1,-0.951,0.993,1
-1,0.996,-0.982,1
-1,-1.01,-1.028,-1
-1,0.961,0.96,1
-1,-1.045,0.951,1
-1,1.011,-1.02,1
-1,-0.972,-1.045,-1
-1,0.97,0.986,1
-1,-1.006,0.976,1
-1,0.972,-0.985,1
-1,-1.042,-1.034,-1
-1,1.032,1.008,1
-1,-1.026,0.987,1
-1,1.012,-1.026,1
-1,-1.05,-1.014,-1
-1,1.002,1.049,1
-1,-0.971,1,1
-1,1.018,-0.979,1
-1,-0.977,-1.019,-1
-1,1.031,0.98,1
-1,-1.017,1.044,1
-1,1.01,-0.987,1
-1,-0.951,-0.969,-1
-1,1.049,1.046,1
-1,-0.991,1.023,1
-1,0.963,-0.982,1
-1,-0.96,-0.955,-1
-1,0.976,1.016,1
-1,-0.966,0.99,1
-1,1.04,-0.966,1
-1,-0.974,-1.008,-1
-1,0.986,0.957,1
-1,-1.005,1.006,1
-1,1.029,-1.032,1
-1,-0.963,-1.038,-1
-1,0.998,1.022,1
-1,-0.991,0.959,1
-1,0.986,-1.04,1
-1,-1.008,-0.963,-1
-1,0.956,0.951,1
-1,-1.037,1.022,1
-1,0.971,-0.995,1
-1,-1.031,-0.951,-1
-1,0.971,0.954,1
-1,-1.011,0.961,1
-1,0.99,-0.983,1
-1,-1.045,-1.022,-1
-1,0.977,1,1
-1,-0.966,1.008,1
-1,0.97,-1.026,1
-1,-1.028,-0.981,-1
-1,1.046,1.031,1
-1,-1.02,1.034,1
-1,1.042,-0.978,1
-1,-0.978,-1,-1
-1,0.975,1.035,1
-1,-1.028,1.049,1
-1,0.99,-1.008,1
-1,-0.952,-1.037,-1
-1,1.048,1.04,1
-1,-1.026,1.04,1
-1,0.959,-0.969,1
-1,-1.031,-1.014,-1
-1,0.982,1.005,1
-1,-0.956,0.954,1
-1,1.029,-0.981,1
-1,-0.977,-0.974,-1
-1,1,1.005,1
-1,-0.99,0.992,1
-1,1.029,-0.966,1
-1,-0.957,-1.045,-1
-1,0.971,1.017,1
-1,-1.046,0.963,1
-1,1.011,-0.996,1
-1,-1.024,-0.991,-1
-1,0.994,0.952,1
-1,-1.048,0.956,1
-1,1.034,-1.029,1
-1,-1.008,-0.982,-1
-1,0.978,1.039,1
-1,-0.978,0.958,1
-1,1.008,-0.952,1
-1,-1.014,-1.042,-1
-1,1.003,0.998,1
-1,-1.047,0.983,1
-1,0.983,-1.002,1
-1,-0.96,-0.996,-1
-1,1.017,0.996,1
-1,-0.982,0.979,1
-1,0.95,-1.004,1
-1,-0.962,-0.953,-1
-1,0.999,1.04,1
-1,-1.047,0.983,1
-1,1.013,-0.953,1
-1,-0.997,-0.958,-1
-1,1.036,0.975,1
-1,-0.998,1.046,1
-1,1.025,-0.962,1
-1,-0.993,-1.021,-1
-1,0.986,1.01,1
-1,-1.036,0.971,1
-1,1.01,-1.046,1
-1,-1.022,-1.023,-1
-1,1,0.998,1
-1,-0.994,0.952,1
-1,1.044,-0.953,1
-1,-0.951,-1.007,-1
-1,0.989,0.952,1
-1,-1.022,0.953,1
-1,0.95,-0.969,1
-1,-1.003,-1.012,-1
-1,1.009,1.001,1
-1,-1.015,0.984,1
-1,0.989,-0.958,1
-1,-1.035,-1.023,-1
-1,0.954,0.979,1
-1,-1.001,1.014,1
-1,1.035,-1.021,1
-1,-1.007,-1.015,-1
-1,1.027,0.95,1
-1,-1.012,1.021,1
-1,0.999,-0.961,1
-1,-0.983,-0.962,-1
-1,1.042,1.045,1
-1,-1.007,0.994,1
-1,0.979,-0.96,1
-1,-0.968,-1.01,-1
-1,0.991,1.019,1
-1,-1.024,0.982,1
-1,1.011,-1.008,1
-1,-0.99,-1.033,-1
-1,0.973,1.011,1
-1,-0.969,0.959,1
-1,1.04,-1.025,1
-1,-0.954,-0.983,-1
-1,1.027,0.984,1
-1,-0.96,0.976,1
-1,0.974,-0.993,1
-1,-1.036,-0.982,-1
-1,0.955,1.008,1
-1,-1.038,1.036,1
-1,0.95,-1.004,1
-1,-1.024,-0.956,-1
-1,0.966,1.002,1
-1,-0.972,0.979,1
-1,0.996,-0.96,1
-1,-1.003,-0.98,-1
-1,1.001,1.03,1
-1,-1.019,1.043,1
-1,1.007,-1.023,1
-1,-1.038,-0.964,-1
-1,0.964,1.005,1
-1,-1.038,1.04,1
-1,0.962,-0.971,1
-1,-1.04,-0.981,-1
-1,1.039,1.024,1
-1,-0.995,0.991,1
-1,0.97,-1.017,1
-1,-0.963,-0.962,-1
-1,0.988,1.016,1
-1,-0.98,1.034,1
-1,1.006,-1.033,1
-1,-1.044,-0.99,-1
-1,0.999,0.987,1
-1,-1.045,1.009,1
-1,0.967,-1.032,1
-1,-1.005,-0.967,-1
-1,1.023,1.008,1
-1,-0.977,0.987,1
-1,1.039,-0.967,1
-1,-1.043,-0.972,-1
-1,1.007,0.964,1
-1,-0.979,0.979,1
-1,0.95,-0.991,1
-1,-1.032,-1.012,-1
-1,0.975,1.038,1
-1,-0.976,0.983,1
-1,1.007,-0.969,1
-1,-0.957,-0.992,-1
-1,1.02,1.049,1
-1,-1.033,0.989,1
-1,1.019,-0.987,1
-1,-1.028,-0.956,-1
-1,1.023,0.997,1
-1,-1.019,1.012,1
-1,1.032,-0.96,1
-1,-0.958,-0.959,-1
-1,1.007,0.965,1
-1,-1.029,1.007,1
-1,1.024,-0.959,1
-1,-1.003,-0.999,-1
-1,0.981,0.971,1
-1,-1.013,0.99,1
-1,1.004,-1.02,1
-1,-0.952,-1.025,-1
-1,1.031,0.966,1
-1,-1.034,0.952,1
-1,0.981,-1.011,1
-1,-0.954,-1.046,-1
-1,0.988,1.03,1
-1,-1.032,0.971,1
-1,1.02,-0.988,1
-1,-1.038,-0.971,-1
-1,1.027,1.035,1
-1,-1.014,0.954,1
-1,1.026,-0.967,1
-1,-1.043,-0.991,-1
-1,1.007,0.994,1
-1,-0.951,0.961,1
-1,0.977,-1,1
-1,-1.014,-0.99,-1
-1,0.968,0.955,1
-1,-0.987,0.999,1
-1,0.994,-1.039,1
-1,-1.045,-1.016,-1
-1,1.041,1.025,1
-1,-0.995,0.964,1
-1,1.039,-0.982,1
-1,-0.957,-1.032,-1
-1,0.955,1.032,1
-1,-1.028,1.032,1
-1,0.967,-1.02,1
-1,-0.957,-0.976,-1
-1,0.976,1.043,1
-1,-0.964,1.003,1
-1,0.993,-0.976,1
-1,-1.036,-1.037,-1
-1,1.029,1.027,1
-1,-0.988,1.025,1
-1,1.038,-1.031,1
-1,-1.04,-1.018,-1
-1,1.044,0.967,1
-1,-1.004,0.985,1
-1,0.987,-0.959,1
-1,-0.997,-1.007,-1
-1,1.023,0.978,1
-1,-1.025,1.041,1
-1,0.96,-1.032,1
-1,-1.033,-1.014,-1
-1,1.013,1.005,1
-1,-0.96,1.008,1
-1,0.98,-1.046,1
-1,-0.979,-0.989,-1
-1,0.983,1.035,1
-1,-0.961,1.023,1
-1,0.954,-0.999,1
-1,-1.045,-1,-1
-1,1.018,0.953,1
-1,-0.965,0.956,1
-1,1.045,-1.011,1
-1,-1.001,-1.03,-1
-1,1.017,0.976,1
-1,-0.987,1.027,1
-1,1.046,-0.969,1
-1,-0.985,-0.99,-1
-1,0.986,1.005,1
-1,-0.98,0.968,1
-1,0.961,-1.008,1
-1,-1.018,-0.954,-1
-1,1.029,0.971,1
-1,-0.98,1.034,1
-1,1.022,-1.023,1
-1,-1.016,-1.01,-1
-1,1.033,1.022,1
-1,-0.952,0.98,1
-1,1.013,-1.003,1
-1,-1,-1.02,-1
-1,1.023,0.964,1
-1,-0.991,0.972,1
-1,0.997,-1.026,1
-1,-0.968,-1.015,-1
-1,0.982,0.954,1
-1,-0.996,0.993,1
-1,1.048,-0.964,1
-1,-1.01,-0.972,-1
-1,1.009,1.012,1
-1,-0.988,1.033,1
-1,0.991,-1.002,1
-1,-1.027,-1.026,-1
-1,1.022,0.972,1
-1,-0.996,0.985,1
-1,0.971,-0.993,1
-1,-0.985,-1.003,-1
-1,1.021,1.026,1
-1,-0.981,0.968,1
-1,0.951,-1.047,1
-1,-0.997,-1.017,-1
-1,0.957,1.009,1
-1,-1.022,0.956,1
-1,1.047,-1.03,1
-1,-0.966,-1.042,-1
-1,0.984,1.048,1
-1,-0.959,1.026,1
-1,1.048,-1.035,1
-1,-0.998,-0.979,-1
-1,1.039,1.009,1
-1,-1.044,0.96,1
-1,0.966,-1.026,1
-1,-1.041,-1.011,-1
-1,0.95,1.028,1
-1,-1.041,1.003,1
-1,1.031,-1.036,1
-1,-1.012,-0.961,-1
-1,0.976,1.017,1
-1,-1.003,0.973,1
-1,1.037,-1.019,1
-1,-1.018,-1.028,-1
-1,1.031,1.025,1
-1,-1,1.029,1
-1,1.04,-0.996,1
-1,-1,-1.019,-1
-1,0.963,1.007,1
-1,-0.956,1.031,1
-1,1.031,-1.047,1
-1,-1.03,-1.017,-1
-1,1.032,1.031,1
-1,-0.963,0.965,1
-1,1.046,-1.025,1
-1,-1.046,-1.028,-1
-1,1.042,1.001,1
-1,-0.953,0.982,1
-1,0.984,-0.969,1
-1,-1.044,-1.035,-1
-1,1.007,0.958,1
-1,-0.955,1.049,1
-1,1.012,-0.953,1
-1,-0.967,-0.974,-1
-1,1.004,1.027,1
-1,-1.041,1.037,1
-1,0.982,-0.968,1
-1,-1.029,-0.984,-1
-1,1.013,1.01,1
-1,-0.968,0.961,1
-1,1.035,-0.964,1
-1,-0.965,-1.02,-1
-1,1.04,1.033,1
-1,-1.036,1.026,1
-1,0.966,-1.03,1
-1,-0.958,-1.025,-1
-1,0.978,0.989,1
-1,-1.025,1.04,1
-1,0.986,-0.99,1
-1,-1.032,-1.007,-1
-1,0.987,0.978,1
-1,-0.968,0.971,1
-1,0.96,-0.995,1
-1,-0.962,-1.025,-1
-1,0.965,1.02,1
-1,-1.013,1.003,1
-1,0.958,-1.028,1
-1,-0.967,-1,-1
-1,1.007,1.047,1
-1,-1.023,0.976,1
-1,1.019,-0.979,1
-1,-0.999,-1.001,-1
-1,0.96,0.978,1
-1,-1.011,1.048,1
-1,1.038,-1.04,1
-1,-0.957,-0.973,-1
-1,1.04,1.026,1
-1,-0.951,1.002,1
-1,0.981,-0.963,1
-1,-0.973,-0.951,-1
-1,1.007,1.016,1
-1,-0.998,0.967,1
-1,0.991,-1.015,1
-1,-0.982,-0.952,-1
-1,1.034,1.045,1
-1,-0.974,0.955,1
-1,1.016,-1.022,1
-1,-0.996,-1.022,-1
-1,0.958,1.043,1
-1,-0.972,1.047,1
-1,1.005,-0.978,1
-1,-0.976,-1.005,-1
-1,0.95,0.975,1
-1,-0.953,1.033,1
-1,0.962,-1.023,1
-1,-0.968,-1.029,-1
-1,1.043,0.984,1
-1,-1.011,0.984,1
-1,0.971,-0.991,1
-1,-0.965,-0.993,-1
-1,1.004,1.011,1
-1,-0.988,1.022,1
-1,0.991,-1.034,1
-1,-0.998,-1,-1
-1,1.012,1.032,1
-1,-0.951,0.967,1
-1,1.004,-0.977,1
-1,-1.035,-1.044,-1
-1,1.001,1.014,1
-1,-0.96,1.013,1
-1,1.041,-0.978,1
-1,-1.013,-1.013,-1
-1,1.009,0.978,1
-1,-0.979,1.03,1
-1,1.037,-0.994,1
-1,-0.96,-1.009,-1
-1,1.02,1.002,1
-1,-0.985,0.961,1
-1,1.019,-1.033,1
-1,-0.989,-0.967,-1
-1,1.001,0.962,1
-1,-1.05,0.956,1
-1,0.988,-0.983,1
-1,-0.986,-0.961,-1
-1,0.982,1.004,1
-1,-1.046,1.025,1
-1,1.029,-1.009,1
-1,-1.038,-1.012,-1
-1,1.019,0.986,1
-1,-0.98,1.006,1
-1,0.994,-0.99,1
-1,-1.001,-1.036,-1
-1,1.015,0.964,1
-1,-1.024,1.036,1
-1,1.033,-1.011,1
-1,-0.981,-1.015,-1
-1,1.002,0.971,1
-1,-0.957,1.04,1
-1,1.039,-1.041,1
-1,-1.019,-0.977,-1
-1,1.014,0.985,1
-1,-1.002,1.045,1
-1,1.027,-1.037,1
-1,-1.017,-0.952,-1
-1,0.999,1.005,1
-1,-0.995,1.043,1
-1,1.018,-0.994,1
-1,-0.99,-1.017,-1
-1,0.973,1.036,1
-1,-0.979,1.008,1
-1,1.027,-1.01,1
-1,-1.005,-0.969,-1
-1,1.011,1.04,1
-1,-1.027,1,1
-1,0.95,-0.996,1
-1,-0.975,-0.986,-1
-1,0.992,0.974,1
-1,-0.991,0.969,1
-1,1.039,-1.006,1
-1,-0.981,-1.012,-1
-1,1.001,1.026,1
-1,-0.967,0.969,1
-1,0.983,-1.007,1
-1,-1.046,-0.994,-1
-1,1.031,1.025,1
-1,-0.984,0.961,1
-1,1.017,-1.038,1
-1,-0.958,-1.021,-1
-1,0.952,1.018,1
-1,-1.019,0.952,1
-1,1.024,-1.043,1
-1,-1.032,-1.034,-1
-1,1.033,1.027,1
-1,-0.963,1.022,1
-1,1.023,-0.993,1
-1,-0.988,-1.025,-1
-1,0.983,1.047,1
-1,-0.954,0.968,1
-1,0.991,-0.997,1
-1,-1.024,-0.976,-1
-1,1.03,1.043,1
-1,-0.965,0.998,1
-1,0.955,-1.02,1
-1,-1.021,-0.991,-1
-1,1.048,1.01,1
-1,-0.988,0.974,1
-1,0.969,-0.97,1
-1,-1.009,-1.048,-1
-1,0.96,1.03,1
-1,-1.024,1.033,1
-1,1.039,-1.01,1
-1,-1.042,-1.027,-1
-1,0.988,1.007,1
-1,-0.957,0.981,1
-1,0.96,-1.03,1
-1,-1.045,-0.96,-1
-1,0.963,1.041,1
-1,-1.012,1.02,1
-1,0.971,-0.983,1
-1,-1.021,-0.979,-1
-1,1.03,0.993,1
-1,-0.955,1.049,1
-1,0.974,-0.962,1
-1,-0.996,-0.964,-1
-1,1.019,0.982,1
-1,-0.981,0.96,1
-1,1.023,-1.02,1
-1,-1.017,-0.987,-1
-1,1.037,1.029,1
-1,-0.956,0.999,1
-1,1.049,-0.999,1
-1,-1.011,-0.986,-1
-1,0.992,0.98,1
-1,-0.964,0.965,1
-1,0.999,-1.035,1
-1,-0.964,-0.969,-1
-1,0.961,0.984,1
-1,-1.017,1.037,1
-1,0.972,-0.963,1
-1,-0.977,-1.007,-1
-1,0.969,0.992,1
-1,-0.996,0.994,1
-1,0.974,-1.011,1
-1,-0.991,-0.987,-1
-1,0.968,1.003,1
-1,-1.038,1.019,1
-1,0.955,-1.046,1
-1,-1.017,-0.951,-1
-1,0.984,0.969,1
-1,-1.035,0.985,1
-1,1.037,-0.997,1
-1,-0.981,-1,-1
-1,1.037,0.952,1
-1,-1.013,1.012,1
-1,1.039,-1.04,1
-1,-1.045,-0.99,-1
-1,0.954,0.961,1
-1,-0.993,0.979,1
-1,0.953,-1.034,1
-1,-0.958,-1.029,-1
-1,0.972,0.955,1
-1,-1.007,1.029,1
-1,1.011,-1.022,1
-1,-0.972,-1.003,-1
-1,0.95,0.995,1
-1,-0.968,1.037,1
-1,1.049,-0.999,1
-1,-0.961,-0.964,-1
-1,1.003,0.976,1
-1,-1.002,1.044,1
-1,0.986,-1.044,1
-1,-1.043,-0.958,-1
-1,0.967,1.014,1
-1,-1.029,0.97,1
-1,1.03,-0.984,1
-1,-0.956,-0.996,-1
-1,0.973,0.987,1
-1,-1.017,1.034,1
-1,0.967,-1.038,1
-1,-1.019,-1.033,-1
-1,0.959,1.015,1
-1,-0.994,0.958,1
-1,1.019,-1.005,1
-1,-0.955,-1.028,-1
-1,1.021,1.045,1
-1,-0.981,1.009,1
-1,0.951,-0.974,1
-1,-0.998,-0.979,-1
-1,0.99,0.975,1
-1,-1.007,1.022,1
-1,1.041,-0.961,1
-1,-1.023,-0.984,-1
-1,1.028,0.962,1
-1,-1,1.046,1
-1,0.974,-1.017,1
-1,-1.037,-0.964,-1
-1,1.049,1.02,1
-1,-0.956,1.018,1
-1,0.965,-1.009,1
-1,-1.008,-1.011,-1
-1,0.987,1.013,1
-1,-0.952,1.04,1
-1,0.989,-1.048,1
-1,-1.037,-1.019,-1
-1,0.978,1.007,1
-1,-1.046,1.021,1
-1,0.996,-0.967,1
-1,-1.012,-1.025,-1
-1,1.045,0.99,1
-1,-1.029,1.022,1
-1,0.976,-1.016,1
-1,-0.992,-1.025,-1
-1,1.006,1.002,1
-1,-1.005,1.022,1
-1,0.996,-1.011,1
-1,-1.039,-0.967,-1
-1,0.953,1.011,1
-1,-1.025,0.992,1
-1,0.966,-1.011,1
-1,-0.976,-1.006,-1
-1,1.046,0.98,1
-1,-0.983,1.044,1
-1,0.963,-0.993,1
-1,-1.031,-0.99,-1
-1,1,1.042,1
-1,-1.018,1.026,1
-1,1.029,-0.96,1
-1,-0.997,-1.015,-1
-1,1.045,1.048,1
-1,-1.043,0.991,1
-1,0.987,-0.98,1
-1,-0.974,-1.01,-1
-1,1.034,0.951,1
-1,-0.967,0.95,1
-1,1.042,-1.041,1
-1,-0.954,-1.01,-1
-1,0.989,1.013,1
-1,-1.015,0.954,1
-1,1.023,-1.044,1
-1,-0.986,-1.027,-1
-1,1.001,0.999,1
-1,-0.999,0.98,1
-1,0.989,-1.046,1
-1,-0.985,-0.964,-1
-1,0.952,0.975,1
-1,-0.971,1.041,1
-1,0.997,-1.043,1
-1,-0.966,-1.019,-1
-1,1.011,0.969,1
-1,-1.019,1.003,1
-1,0.978,-1.023,1
-1,-0.956,-1.031,-1
-1,0.993,1.031,1
-1,-1.027,1.018,1
-1,1.037,-1.011,1
-1,-1.007,-1.012,-1
-1,1.038,1.044,1
-1,-1.03,1.03,1
-1,1.048,-0.964,1
-1,-1.032,-0.998,-1
-1,1.013,1.048,1
-1,-0.955,0.96,1
-1,0.955,-0.971,1
-1,-1.008,-0.984,-1
-1,1.048,0.975,1
-1,-0.978,1.028,1
-1,1.003,-0.984,1
-1,-0.953,-1.002,-1
-1,0.997,1.022,1
-1,-1.034,1.036,1
-1,0.962,-0.991,1
-1,-0.973,-1.05,-1
-1,1.003,1.047,1
-1,-1.018,0.953,1
-1,0.985,-0.999,1
-1,-1.043,-0.952,-1
-1,0.999,1.004,1
-1,-0.989,0.956,1
-1,0.984,-1.047,1
-1,-1.025,-0.966,-1
-1,0.978,1.047,1
-1,-0.987,0.983,1
-1,0.965,-0.99,1
-1,-0.969,-1.036,-1
-1,1.035,1.047,1
-1,-1.05,1.047,1
-1,0.958,-1.021,1
-1,-1.001,-1.037,-1
-1,1.029,0.984,1
-1,-1.034,0.964,1
-1,1.035,-0.975,1
-1,-0.985,-0.964,-1
-1,0.98,0.976,1
-1,-0.958,0.966,1
-1,0.979,-0.981,1
-1,-0.998,-1.041,-1
-1,1.016,0.965,1
-1,-0.955,0.983,1
-1,0.978,-0.974,1
-1,-1.003,-1.037,-1
-1,0.976,0.95,1
-1,-0.988,1.036,1
-1,0.979,-0.987,1
-1,-1.05,-1.042,-1
-1,1.047,0.966,1
-1,-0.975,1.032,1
-1,0.994,-1.01,1
-1,-1.03,-1.024,-1
-1,0.968,1.015,1
-1,-0.956,1.049,1
-1,0.984,-1.004,1
-1,-1.042,-0.997,-1
-1,1.012,0.953,1
-1,-0.964,0.992,1
-1,0.982,-1.016,1
-1,-1.043,-1.04,-1
-1,0.984,1.019,1
-1,-0.954,0.965,1
-1,1.034,-0.954,1
-1,-1.026,-0.968,-1
-1,1.015,1.001,1
-1,-1.034,1.011,1
-1,0.993,-1.013,1
-1,-0.963,-0.989,-1
-1,0.952,1.031,1
-1,-0.99,1.038,1
-1,1.029,-1.03,1
-1,-1.009,-0.957,-1
-1,0.974,0.978,1
-1,-1.015,0.958,1
-1,1.012,-1.008,1
-1,-0.98,-0.954,-1
-1,1.013,1.016,1
-1,-1.039,0.95,1
-1,0.965,-0.963,1
-1,-1.016,-1.018,-1
-1,1.04,1,1
-1,-0.957,0.983,1
-1,0.989,-0.97,1
-1,-0.956,-0.957,-1
-1,0.963,1.004,1
-1,-0.968,0.994,1
-1,1.025,-1.027,1
-1,-1.012,-0.999,-1
-1,1.001,1.023,1
-1,-1.039,1.015,1
-1,1.018,-0.969,1
-1,-1.037,-0.967,-1
-1,1.049,1.027,1
-1,-1.015,0.964,1
-1,1.014,-0.981,1
-1,-1.004,-1.043,-1
-1,1.022,1.041,1
-1,-1.01,0.961,1
-1,0.973,-0.963,1
-1,-0.993,-1.014,-1
-1,1.043,0.989,1
-1,-0.969,0.97,1
-1,0.964,-0.979,1
-1,-0.979,-1.032,-1
-1,1.046,0.984,1
-1,-0.967,1.014,1
-1,1.017,-0.953,1
-1,-1.05,-0.983,-1
-1,1.024,0.985,1
-1,-1.017,1.04,1
-1,1.007,-1.018,1
-1,-1.001,-1.021,-1
-1,0.973,1.04,1
-1,-0.958,0.997,1
-1,0.979,-1.001,1
-1,-1.015,-1.028,-1
-1,0.99,1.018,1
-1,-1.007,1.005,1
-1,0.989,-0.984,1
-1,-1.025,-1.014,-1
-1,1.003,1.01,1
-1,-0.998,0.97,1
-1,1.007,-1.046,1
-1,-0.963,-0.967,-1
-1,0.99,0.971,1
-1,-1.024,1.047,1
-1,0.955,-1.023,1
-1,-0.972,-1.022,-1
-1,1.019,1.02,1
-1,-1.023,1.048,1
-1,0.97,-0.987,1
-1,-1.029,-0.99,-1
-1,1.033,0.966,1
-1,-0.983,0.973,1
-1,1.032,-0.958,1
-1,-1.039,-1.015,-1
-1,1.003,1.013,1
-1,-1.042,1.012,1
-1,1.018,-0.955,1
-1,-0.952,-0.99,-1
-1,1.018,1.026,1
-1,-1.041,1.023,1
-1,0.953,-0.963,1
-1,-0.996,-0.977,-1
-1,1.007,1.031,1
-1,-1.027,0.979,1
-1,1.046,-1.006,1
-1,-1.008,-0.97,-1
-1,0.962,0.959,1
-1,-0.995,0.997,1
-1,1.004,-0.984,1
-1,-1.016,-0.991,-1
-1,1.031,0.992,1
-1,-0.977,0.951,1
-1,0.988,-0.979,1
-1,-1.037,-0.992,-1
-1,1.049,0.972,1
-1,-0.966,1.005,1
-1,1.011,-0.96,1
-1,-0.97,-0.979,-1
-1,0.973,0.953,1
-1,-1.05,0.97,1
-1,0.95,-1.008,1
-1,-0.998,-1.038,-1
-1,0.954,0.957,1
-1,-0.991,1.008,1
-1,0.975,-0.956,1
-1,-1.033,-0.992,-1
-1,0.986,1.04,1
-1,-0.99,0.976,1
-1,0.964,-0.977,1
-1,-1.013,-0.985,-1
-1,0.998,0.971,1
-1,-1.03,0.959,1
-1,1.013,-1.05,1
-1,-1.018,-0.964,-1
-1,0.954,0.983,1
-1,-0.992,1.006,1
-1,0.977,-1.04,1
-1,-0.982,-1.019,-1
-1,1.019,0.978,1
-1,-1.009,0.996,1
-1,1.024,-0.992,1
-1,-1.045,-1.04,-1
-1,0.951,1.015,1
-1,-0.961,1.017,1
-1,1.04,-1.024,1
-1,-1.018,-1.012,-1
-1,1.049,0.955,1
-1,-1.05,1.012,1
-1,1.007,-1.018,1
-1,-1.002,-0.989,-1
-1,0.967,0.957,1
-1,-0.981,1.047,1
-1,1.019,-1.012,1
-1,-1.022,-1.011,-1
-1,0.968,1.02,1
-1,-0.965,1.042,1
-1,1.03,-1.008,1
-1,-0.996,-1.017,-1
-1,0.957,0.993,1
-1,-1.05,1,1
-1,0.971,-0.965,1
-1,-0.962,-1.03,-1
-1,1.04,0.99,1
-1,-1.016,0.997,1
-1,0.975,-0.967,1
-1,-0.989,-0.956,-1
-1,0.992,0.98,1
-1,-0.959,1.013,1
-1,0.97,-1.03,1
-1,-0.996,-1.012,-1
-1,0.992,1.042,1
-1,-1.02,0.972,1
-1,0.984,-0.965,1
-1,-1.042,-0.956,-1
-1,1.03,0.958,1
-1,-1.006,0.952,1
-1,0.995,-0.966,1
-1,-1.028,-0.963,-1
-1,0.975,1.007,1
-1,-1.015,0.952,1
-1,1.042,-1.002,1
-1,-0.954,-0.964,-1
-1,0.98,0.99,1
-1,-1.001,1.001,1
-1,0.962,-0.994,1
-1,-0.961,-0.996,-1
-1,0.998,1.022,1
-1,-1.022,1.032,1
-1,1.007,-0.962,1
-1,-0.974,-1.013,-1
-1,1.047,0.97,1
-1,-1.011,1.044,1
-1,0.955,-1.036,1
-1,-0.968,-0.968,-1
-1,0.973,1.019,1
-1,-1.014,0.965,1
-1,0.967,-0.966,1
-1,-0.997,-0.951,-1
-1,0.974,1.004,1
-1,-1,0.986,1
-1,0.96,-0.958,1
-1,-1.008,-0.992,-1
-1,1.014,0.973,1
-1,-1.009,0.971,1
-1,0.961,-0.981,1
-1,-1.04,-0.99,-1
-1,1.04,0.952,1
-1,-0.995,0.997,1
-1,0.966,-0.961,1
-1,-0.969,-1.011,-1
-1,1.008,0.967,1
-1,-1.044,1.025,1
-1,0.951,-1.039,1
-1,-0.976,-0.972,-1
-1,1.015,1.027,1
-1,-0.984,1.026,1
-1,1.019,-0.989,1
-1,-1.016,-1.017,-1
-1,0.986,0.977,1
-1,-1.044,1.049,1
-1,1.047,-1.034,1
-1,-0.99,-1.011,-1
-1,1.02,1.017,1
-1,-0.964,1.036,1
-1,0.958,-0.983,1
-1,-0.973,-0.984,-1
-1,0.986,0.985,1
-1,-0.957,0.987,1
-1,0.996,-1.031,1
-1,-0.983,-1.038,-1
-1,1.046,0.984,1
-1,-1.01,0.967,1
-1,1.045,-0.976,1
-1,-1,-1.019,-1
-1,0.952,0.958,1
-1,-1.02,1.001,1
-1,0.975,-1.008,1
-1,-0.96,-1.003,-1
-1,1.011,1.026,1
-1,-1.016,1.019,1
-1,1.045,-0.987,1
-1,-1.015,-1.019,-1
-1,1.001,1.03,1
-1,-1.03,1.047,1
-1,0.95,-0.962,1
-1,-0.989,-0.954,-1
-1,1.024,0.951,1
-1,-1.036,1.019,1
-1,0.978,-1.034,1
-1,-0.998,-0.968,-1
-1,0.975,1.032,1
-1,-1.017,0.952,1
-1,1.027,-1.027,1
-1,-1.001,-0.96,-1
-1,1.001,0.985,1
-1,-0.99,0.996,1
-1,1.049,-1.003,1
-1,-1.021,-1.048,-1
-1,0.978,0.999,1
-1,-0.951,0.978,1
-1,1.039,-1.037,1
-1,-0.974,-0.987,-1
-1,1.016,1.04,1
-1,-0.966,1.044,1
-1,1.009,-1.014,1
-1,-0.974,-0.966,-1
-1,1.021,0.959,1
-1,-1.012,0.95,1
-1,1.034,-1.011,1
-1,-0.96,-1.015,-1
-1,1.025,1,1
-1,-0.969,0.976,1
-1,1,-0.988,1
-1,-1.022,-0.972,-1
-1,1.014,1.029,1
-1,-0.992,1.003,1
-1,0.994,-1.016,1
-1,-0.981,-1.039,-1
-1,1.027,0.955,1
-1,-0.993,0.986,1
-1,0.992,-1.016,1
-1,-0.978,-0.985,-1
-1,1.045,0.96,1
-1,-0.985,0.982,1
-1,0.999,-1.043,1
-1,-0.983,-0.974,-1
-1,1.008,0.951,1
-1,-1.048,1.01,1
-1,1.013,-0.968,1
-1,-1.012,-1.023,-1
-1,0.964,1.046,1
-1,-1.017,1.008,1
-1,0.98,-0.996,1
-1,-0.981,-1.043,-1
-1,1.009,0.977,1
-1,-0.955,0.951,1
-1,0.963,-0.983,1
-1,-1.032,-0.99,-1
-1,0.979,0.985,1
-1,-0.958,0.981,1
-1,0.993,-1.038,1
-1,-1.043,-0.997,-1
-1,0.963,1.012,1
-1,-1.037,0.978,1
-1,1.046,-0.999,1
-1,-0.994,-1.04,-1
-1,1.049,0.991,1
-1,-0.981,1.031,1
-1,1.045,-0.96,1
-1,-0.961,-0.996,-1
-1,1.019,0.986,1
-1,-1.042,1.032,1
-1,0.954,-1.024,1
-1,-0.955,-1.017,-1
-1,0.964,1.037,1
-1,-0.986,1.007,1
-1,1.001,-1.026,1
-1,-1.04,-0.986,-1
-1,0.988,0.973,1
-1,-0.957,0.984,1
-1,0.976,-1.049,1
-1,-1.005,-1.025,-1
-1,1.044,1.016,1
-1,-1.044,1.039,1
-1,1.006,-1.003,1
-1,-0.955,-1.024,-1
-1,1.034,0.953,1
-1,-0.99,0.99,1
-1,1.032,-0.995,1
-1,-0.977,-1.002,-1
-1,1.045,1.04,1
-1,-1.045,0.996,1
-1,1.016,-0.983,1
-1,-0.987,-1.046,-1
-1,1.04,0.958,1
-1,-0.96,1.018,1
-1,1.011,-1.015,1
-1,-0.957,-0.995,-1
-1,0.951,1.001,1
-1,-1.006,0.96,1
-1,1.001,-0.959,1
-1,-0.962,-1.015,-1
-1,0.997,0.998,1
-1,-0.975,1.031,1
-1,1.006,-1.05,1
-1,-1.021,-0.999,-1
-1,0.992,0.984,1
-1,-1.001,1.01,1
-1,0.951,-0.986,1
-1,-0.986,-1.007,-1
-1,1.022,1.005,1
-1,-1.039,0.983,1
-1,0.992,-0.994,1
-1,-1.01,-0.954,-1
-1,1.009,0.986,1
-1,-0.992,0.96,1
-1,0.978,-1.004,1
-1,-0.953,-0.975,-1
-1,1.044,0.974,1
-1,-0.994,1,1
-1,0.975,-0.965,1
-1,-0.997,-1.031,-1
-1,1.021,1.005,1
-1,-0.97,0.974,1
-1,0.969,-0.954,1
-1,-0.983,-1.006,-1
-1,0.953,0.98,1
-1,-1.021,0.996,1
-1,1.036,-0.98,1
-1,-0.956,-1.005,-1
-1,1.008,1.002,1
-1,-1.042,1.036,1
-1,1.048,-1.045,1
-1,-1.037,-1.006,-1
-1,0.98,0.971,1
-1,-1.003,0.957,1
-1,1.008,-1.05,1
-1,-0.972,-1.021,-1
-1,0.957,1.008,1
-1,-0.997,1.029,1
-1,0.957,-0.978,1
-1,-0.975,-1.04,-1
-1,0.952,0.954,1
-1,-1.042,0.99,1
-1,0.976,-1.048,1
-1,-0.964,-0.965,-1
-1,0.956,0.996,1
-1,-1.027,0.954,1
-1,1.001,-1.013,1
-1,-1.049,-1.017,-1
-1,0.96,0.998,1
-1,-0.958,1.019,1
-1,0.95,-0.979,1
-1,-1,-1.042,-1
-1,1.031,1.006,1
-1,-0.963,1.038,1
-1,0.978,-0.988,1
-1,-0.999,-0.967,-1
-1,0.968,1.009,1
-1,-1.027,0.995,1
-1,0.964,-0.989,1
-1,-0.968,-0.978,-1
-1,0.957,1.007,1
-1,-1.021,0.961,1
-1,1.044,-1.02,1
-1,-1.006,-0.993,-1
-1,1.028,0.987,1
-1,-1.024,1.028,1
-1,1.01,-1.022,1
-1,-0.964,-1.009,-1
-1,1.034,0.975,1
-1,-0.968,1.015,1
-1,0.989,-1.017,1
-1,-1.002,-0.992,-1
-1,0.994,0.973,1
-1,-0.995,0.96,1
-1,1.035,-0.961,1
-1,-0.967,-1.006,-1
-1,0.996,0.962,1
-1,-0.995,1.043,1
-1,0.992,-1.05,1
-1,-1,-1.03,-1
-1,1.039,0.978,1
-1,-1,0.999,1
-1,1.006,-1.013,1
-1,-1.008,-1.009,-1
-1,0.964,0.974,1
-1,-0.992,1.004,1
-1,0.959,-0.992,1
-1,-0.986,-0.996,-1
-1,1.031,0.969,1
-1,-1.034,0.968,1
-1,1.01,-0.951,1
-1,-0.987,-1.044,-1
-1,1.013,0.968,1
-1,-0.951,0.955,1
-1,1.02,-1.049,1
-1,-0.973,-1.039,-1
-1,0.979,0.978,1
-1,-1.038,1.036,1
-1,0.967,-0.995,1
-1,-0.971,-0.967,-1
-1,1.029,1.039,1
-1,-1.013,1.039,1
-1,0.997,-0.997,1
-1,-0.955,-0.97,-1
-1,0.974,0.961,1
-1,-0.951,1.034,1
-1,0.961,-1.036,1
-1,-1.007,-1.024,-1
-1,1.034,0.992,1
-1,-1.018,0.957,1
-1,1.046,-0.989,1
-1,-1.032,-1.025,-1
-1,0.991,0.981,1
-1,-0.987,0.96,1
-1,1.036,-0.956,1
-1,-0.956,-1.033,-1
-1,0.985,1.033,1
-1,-0.992,1.032,1
-1,0.987,-0.997,1
-1,-1.035,-1.037,-1
-1,0.967,0.964,1
-1,-0.952,1.03,1
-1,1.03,-1.009,1
-1,-1.044,-0.986,-1
-1,0.985,0.988,1
-1,-1.027,0.981,1
-1,1.002,-1.008,1
-1,-1.041,-1.005,-1
-1,0.975,0.974,1
-1,-0.994,1.013,1
-1,1.021,-1.048,1
-1,-0.97,-1.044,-1
-1,1.035,1.041,1
-1,-0.961,1.024,1
-1,0.994,-0.994,1
-1,-0.962,-0.989,-1
-1,1.02,0.988,1
-1,-1.009,0.952,1
-1,1.029,-1.002,1
-1,-1.032,-0.984,-1
-1,0.988,0.992,1
-1,-1,0.992,1
-1,1.034,-0.991,1
-1,-0.962,-0.989,-1
-1,0.985,1.046,1
-1,-1.026,0.956,1
-1,1.048,-0.994,1
-1,-1.037,-1.015,-1
-1,0.997,1.004,1
-1,-0.988,0.994,1
-1,0.96,-1.048,1
-1,-0.993,-1.018,-1
-1,0.99,1.001,1
-1,-0.964,1.021,1
-1,1.049,-1.046,1
-1,-0.961,-0.961,-1
-1,0.996,0.989,1
-1,-0.966,1.032,1
-1,1,-0.978,1
-1,-1.007,-0.964,-1
-1,1.018,0.969,1
-1,-0.958,0.968,1
-1,1.026,-0.993,1
-1,-0.997,-0.975,-1
-1,1.013,0.965,1
-1,-1.031,0.975,1
-1,1.019,-0.973,1
-1,-1.041,-1.041,-1
-1,1.03,1.045,1
-1,-1.018,0.981,1
-1,0.95,-1.028,1
-1,-1.03,-1.004,-1
-1,0.963,1.006,1
-1,-1.021,1.014,1
-1,0.978,-1.026,1
-1,-1,-1.002,-1
-1,0.994,1.044,1
-1,-1.032,1.022,1
-1,0.954,-0.978,1
-1,-1.003,-0.983,-1
-1,0.989,0.969,1
-1,-0.957,0.959,1
-1,0.998,-0.996,1
-1,-0.98,-1.022,-1
-1,1,1.005,1
-1,-0.991,1,1
-1,0.979,-1.019,1
-1,-1.002,-1.008,-1
-1,1.038,1.027,1
-1,-1.044,1.018,1
-1,1.004,-1.042,1
-1,-0.981,-0.952,-1
-1,0.953,1.037,1
-1,-0.98,0.957,1
-1,0.961,-0.981,1
-1,-1.024,-1.047,-1
-1,0.99,1.021,1
-1,-0.986,1.038,1
-1,0.976,-0.964,1
-1,-1.034,-0.974,-1
-1,0.991,0.977,1
-1,-0.972,0.972,1
-1,1.009,-1.024,1
-1,-0.985,-0.951,-1
-1,0.954,0.973,1
-1,-0.983,1.008,1
-1,0.982,-0.962,1
-1,-1.042,-0.963,-1
-1,1.026,0.98,1
-1,-0.956,0.989,1
-1,1.001,-0.978,1
-1,-1.008,-0.958,-1
-1,0.994,0.956,1
-1,-0.97,0.972,1
-1,1.043,-1.001,1
-1,-0.952,-0.964,-1
-1,0.978,1.026,1
-1,-1.041,1.037,1
-1,0.952,-1.024,1
-1,-1.012,-0.992,-1
-1,0.999,1.008,1
-1,-0.982,1.031,1
-1,0.996,-1.022,1
-1,-1.03,-0.976,-1
-1,1.008,0.964,1
-1,-1.036,1.012,1
-1,0.989,-0.994,1
-1,-0.996,-1.015,-1
-1,0.965,0.984,1
-1,-0.993,1.01,1
-1,0.985,-1.043,1
-1,-1.004,-0.986,-1
-1,1.033,1.005,1
-1,-1.047,0.987,1
-1,0.983,-1.008,1
-1,-1.002,-0.967,-1
-1,0.95,1.018,1
-1,-1.034,0.996,1
-1,0.999,-1.013,1
-1,-1.029,-0.991,-1
-1,0.953,1.037,1
-1,-1.029,0.992,1
-1,0.993,-0.975,1
-1,-0.973,-1.04,-1
-1,1.012,1.036,1
-1,-0.98,1.047,1
-1,1.043,-1.033,1
-1,-0.989,-1.022,-1
-1,0.974,0.967,1
-1,-0.984,1.008,1
-1,1.009,-0.984,1
-1,-0.957,-0.991,-1
-1,1.036,0.959,1
-1,-0.993,0.985,1
-1,0.996,-1.02,1
-1,-0.955,-1.048,-1
-1,0.967,0.966,1
-1,-0.954,0.963,1
-1,1.042,-0.976,1
-1,-1.027,-1.044,-1
-1,1.01,1.044,1
-1,-1.047,0.956,1
-1,1.013,-1.033,1
-1,-1.016,-1.011,-1
-1,0.984,1.002,1
-1,-1.001,1.043,1
-1,0.968,-1.008,1
-1,-1.046,-1.045,-1
-1,0.954,0.963,1
-1,-0.958,0.952,1
-1,0.994,-0.963,1
-1,-1.046,-0.989,-1
-1,1.006,0.951,1
-1,-1.024,0.998,1
-1,0.977,-1,1
-1,-0.996,-1.011,-1
-1,1.046,0.959,1
-1,-1.005,0.961,1
-1,0.976,-0.97,1
-1,-1.048,-1.038,-1
-1,0.982,1.002,1
-1,-0.993,0.953,1
-1,0.996,-0.989,1
-1,-0.99,-1,-1
-1,0.977,1.002,1
-1,-0.997,1.021,1
-1,0.99,-0.993,1
-1,-0.966,-1.002,-1
-1,0.96,0.961,1
-1,-1.002,0.987,1
-1,0.963,-0.996,1
-1,-0.973,-0.989,-1
-1,1.013,1.024,1
-1,-1.026,0.992,1
-1,1.004,-1.024,1
-1,-0.996,-1.011,-1
-1,1.028,1.014,1
-1,-1.008,0.975,1
-1,1.027,-1.048,1
-1,-1.023,-1.046,-1
-1,1.004,1.03,1
-1,-0.975,0.996,1
-1,1.04,-0.99,1
-1,-0.956,-1.05,-1
-1,0.973,0.992,1
-1,-0.96,1.038,1
-1,1.046,-1.031,1
-1,-1.001,-1.038,-1
-1,1.043,0.975,1
-1,-0.996,0.998,1
-1,1.001,-0.99,1
-1,-0.963,-0.968,-1
-1,0.974,0.979,1
-1,-0.991,0.952,1
-1,1.033,-0.964,1
-1,-1.044,-1.013,-1
-1,1.017,0.984,1
-1,-1.014,0.959,1
-1,0.996,-1.02,1
-1,-1.041,-0.981,-1
-1,0.975,1.001,1
-1,-0.993,1.023,1
-1,1.02,-0.992,1
-1,-0.965,-0.986,-1
-1,1.033,0.989,1
-1,-0.986,1.036,1
-1,1.002,-1.047,1
-1,-0.982,-0.974,-1
-1,0.982,0.977,1
-1,-1.02,1.017,1
-1,1.016,-1.013,1
-1,-1.046,-1.017,-1
-1,1.021,1.042,1
-1,-0.956,0.967,1
-1,1.025,-0.995,1
-1,-1.012,-1.05,-1
-1,0.957,0.997,1
-1,-0.977,1.027,1
-1,1.007,-0.991,1
-1,-0.957,-0.958,-1
-1,1,1.007,1
-1,-0.972,0.952,1
-1,1.01,-1.003,1
-1,-1.019,-1.006,-1
-1,0.976,1.011,1
-1,-1.039,1.042,1
-1,1.048,-0.982,1
-1,-0.973,-1.029,-1
-1,1.01,1.021,1
-1,-0.96,1.037,1
-1,1.029,-0.97,1
-1,-0.963,-0.964,-1
-1,1.029,0.963,1
-1,-0.987,0.986,1
-1,0.974,-1.041,1
-1,-1.022,-0.976,-1
-1,1.016,1.009,1
-1,-1.021,0.977,1
-1,1.008,-0.99,1
-1,-0.979,-0.966,-1
-1,1.023,0.985,1
-1,-1.021,0.974,1
-1,0.953,-0.992,1
-1,-1.005,-1.035,-1
-1,1.032,1.038,1
-1,-1.047,1.011,1
-1,1.018,-1.008,1
-1,-1.003,-1.05,-1
-1,1.005,1.012,1
-1,-1.014,0.981,1
-1,1.021,-1.033,1
-1,-0.992,-1.012,-1
-1,1.026,1.037,1
-1,-1.033,0.984,1
-1,1.049,-1.01,1
-1,-0.98,-0.978,-1
-1,0.977,1.001,1
-1,-0.954,1.032,1
-1,0.96,-0.956,1
-1,-0.952,-0.958,-1
-1,1.032,1.003,1
-1,-0.997,0.952,1
-1,0.997,-0.998,1
-1,-0.996,-0.995,-1
-1,0.964,1.041,1
-1,-0.964,0.988,1
-1,1.01,-1.006,1
-1,-1.022,-0.962,-1
-1,1.033,0.995,1
-1,-1.028,0.984,1
-1,0.987,-1.006,1
-1,-1.043,-0.985,-1
-1,1.046,1.005,1
-1,-1.003,0.956,1
-1,0.999,-0.953,1
-1,-1,-0.967,-1
-1,0.952,0.953,1
-1,-1.012,1,1
-1,1.005,-0.958,1
-1,-1.045,-1.029,-1
-1,0.985,1.041,1
-1,-1.039,1.045,1
-1,1.038,-1.011,1
-1,-0.967,-1.027,-1
-1,0.986,1.007,1
-1,-0.992,0.976,1
-1,0.952,-0.985,1
-1,-0.959,-1,-1
-1,0.97,1.04,1
-1,-1.042,0.972,1
-1,1.038,-0.992,1
-1,-0.993,-0.96,-1
-1,1.011,1.045,1
-1,-1.01,1.018,1
-1,0.99,-0.953,1
-1,-1.009,-0.975,-1
-1,0.991,1.003,1
-1,-1.027,0.979,1
-1,0.994,-0.992,1
-1,-0.998,-1.017,-1
-1,0.966,0.96,1
-1,-0.991,1.02,1
-1,0.977,-1,1
-1,-0.978,-1.05,-1
-1,0.99,1.03,1
-1,-0.976,1.03,1
-1,0.988,-1.019,1
-1,-0.979,-0.951,-1
-1,1.029,1.013,1
-1,-1.031,0.969,1
-1,1.011,-1.038,1
-1,-1.004,-0.996,-1
-1,0.967,1.019,1
-1,-0.967,1.012,1
-1,0.978,-0.963,1
-1,-0.955,-0.954,-1
-1,1,1.004,1
-1,-0.984,0.979,1
-1,1.006,-1.012,1
-1,-1.021,-0.954,-1
-1,0.968,1.005,1
-1,-1.021,0.958,1
-1,1.037,-1.05,1
-1,-1.043,-1.032,-1
-1,0.965,1.028,1
-1,-1.013,0.978,1
-1,1.04,-1.015,1
-1,-0.968,-1.042,-1
-1,0.955,0.967,1
-1,-1.028,1.035,1
-1,1.007,-0.981,1
-1,-0.969,-1.043,-1
-1,0.973,1.049,1
-1,-1.014,1.029,1
-1,1.039,-1.032,1
-1,-1.023,-1.043,-1
-1,1.023,1.006,1
-1,-1.035,0.962,1
-1,0.958,-0.976,1
-1,-1.02,-0.974,-1
-1,0.954,0.969,1
-1,-0.994,0.996,1
-1,1.005,-1.011,1
-1,-1.044,-1.038,-1
-1,0.958,0.978,1
-1,-0.953,1.015,1
-1,1.047,-1.02,1
-1,-0.978,-0.978,-1
-1,0.979,1.011,1
-1,-1.047,0.968,1
-1,0.981,-0.967,1
-1,-0.973,-0.994,-1
-1,1.041,0.994,1
-1,-0.981,1.002,1
-1,1.02,-0.999,1
-1,-1.022,-1.024,-1
-1,0.973,1.034,1
-1,-0.978,0.98,1
-1,1.025,-0.971,1
-1,-0.956,-0.966,-1
-1,1.009,1.041,1
-1,-1.001,0.959,1
-1,1.023,-0.976,1
-1,-0.969,-1.048,-1
-1,0.985,0.987,1
-1,-0.978,1.016,1
-1,0.97,-1.049,1
-1,-0.976,-1.039,-1
-1,0.995,0.993,1
-1,-1.035,1.017,1
-1,0.997,-1.007,1
-1,-0.957,-1.028,-1
-1,1.03,0.967,1
-1,-1.046,0.957,1
-1,1.046,-0.952,1
-1,-0.959,-1.042,-1
-1,1.039,1.043,1
-1,-1.033,1.012,1
-1,1.017,-1,1
-1,-1.034,-0.996,-1
-1,1.037,0.99,1
-1,-0.978,1.009,1
-1,0.991,-1.004,1
-1,-1.027,-1.012,-1
-1,0.992,0.988,1
-1,-1.045,1.039,1
-1,1.032,-1,1
-1,-0.987,-1.036,-1
-1,1.017,1.017,1
-1,-1.029,0.966,1
-1,1.015,-0.985,1
-1,-1.026,-1.044,-1
-1,1.008,0.991,1
-1,-1.03,0.975,1
-1,1.041,-0.962,1
-1,-0.971,-1.019,-1
-1,0.978,1.001,1
-1,-0.96,1.019,1
-1,1.047,-1.037,1
-1,-0.991,-0.959,-1
-1,1.002,0.966,1
-1,-1.018,1.036,1
-1,1.016,-0.955,1
-1,-1.05,-0.965,-1
-1,0.964,1.023,1
-1,-1.049,1.029,1
-1,0.988,-0.973,1
-1,-1.013,-0.954,-1
-1,0.968,1.007,1
-1,-0.977,1.012,1
-1,0.995,-1.046,1
-1,-0.957,-1.025,-1
-1,0.957,0.985,1
-1,-1.004,0.955,1
-1,0.999,-1.045,1
-1,-1.002,-0.997,-1
-1,1.023,1.031,1
-1,-1.011,0.989,1
-1,1.026,-0.959,1
-1,-0.973,-0.959,-1
-1,1.014,0.98,1
-1,-1.028,1.005,1
-1,0.958,-0.99,1
-1,-0.999,-1.024,-1
-1,1.019,1.027,1
-1,-1.01,0.965,1
-1,1.031,-1.017,1
-1,-0.958,-0.961,-1
-1,1.019,0.989,1
-1,-1.004,1.02,1
-1,1.046,-0.956,1
-1,-1.027,-0.98,-1
-1,1.025,0.964,1
-1,-0.989,0.954,1
-1,0.955,-1.012,1
-1,-0.955,-1.029,-1
-1,1.019,1.019,1
-1,-0.974,1.027,1
-1,0.979,-0.97,1
-1,-0.995,-0.951,-1
-1,1.007,1.046,1
-1,-0.984,0.988,1
-1,1.031,-0.992,1
-1,-0.971,-1.048,-1
-1,0.999,0.975,1
-1,-1.026,0.996,1
-1,1.022,-1.003,1
-1,-1.034,-1.003,-1
-1,1.011,1.027,1
-1,-0.999,0.968,1
-1,0.966,-0.952,1
-1,-1.01,-1.013,-1
-1,1.018,0.966,1
-1,-0.984,0.999,1
-1,1.046,-1.029,1
-1,-1.002,-1.045,-1
-1,1.019,1.016,1
-1,-0.954,1.001,1
-1,1.027,-0.975,1
-1,-1.045,-1.024,-1
-1,1.003,0.98,1
-1,-0.978,0.975,1
-1,0.979,-0.962,1
-1,-0.978,-1.007,-1
-1,0.968,1.026,1
-1,-0.989,1.036,1
-1,0.976,-1.049,1
-1,-1.027,-0.956,-1
-1,1.02,1.039,1
-1,-0.954,0.968,1
-1,1.012,-0.954,1
-1,-1.026,-1.018,-1
-1,1.013,0.97,1
-1,-1.015,0.99,1
-1,0.997,-0.958,1
-1,-1.032,-1.05,-1
-1,0.972,0.993,1
-1,-1.025,0.954,1
-1,1.033,-1,1
-1,-1.003,-1.049,-1
-1,1.028,0.958,1
-1,-0.963,0.954,1
-1,1.012,-0.988,1
-1,-0.999,-1.018,-1
-1,1.001,0.997,1
-1,-1.048,1.016,1
-1,0.993,-1.024,1
-1,-1,-0.992,-1
-1,1.048,0.987,1
-1,-1,1.048,1
-1,0.979,-0.981,1
-1,-0.952,-1.046,-1
-1,0.962,1.026,1
-1,-1.042,0.997,1
-1,1.028,-0.995,1
-1,-1.001,-1.042,-1
-1,1.013,0.986,1
-1,-0.986,1.027,1
-1,1.001,-1.035,1
-1,-1.041,-0.996,-1
-1,0.964,0.962,1
-1,-1.03,0.96,1
-1,1.04,-0.98,1
-1,-0.982,-1.009,-1
-1,0.957,1.021,1
-1,-1.011,1.039,1
-1,0.99,-0.961,1
-1,-0.957,-1.046,-1
-1,0.967,1.003,1
-1,-0.999,0.997,1
-1,0.958,-0.998,1
-1,-0.995,-1.027,-1
-1,0.991,1.022,1
-1,-1.049,1.042,1
-1,0.989,-0.988,1
-1,-1.004,-0.996,-1
-1,0.976,0.969,1
-1,-1.034,1.019,1
-1,1.039,-0.966,1
-1,-1.04,-1.001,-1
-1,1.005,0.951,1
-1,-0.96,0.997,1
-1,0.992,-0.967,1
-1,-1.047,-1.038,-1
-1,1.038,0.957,1
-1,-1.039,1.046,1
-1,0.961,-1.031,1
-1,-0.979,-0.998,-1
-1,1.041,0.974,1
-1,-0.954,0.98,1
-1,1.037,-1.007,1
-1,-1.014,-0.985,-1
-1,1.012,1.002,1
-1,-1.016,0.953,1
-1,1.039,-0.954,1
-1,-1.046,-0.954,-1
-1,1.047,1.044,1
-1,-0.954,1.042,1
-1,0.979,-0.951,1
-1,-0.994,-1.033,-1
-1,1.008,1.017,1
-1,-0.985,0.972,1
-1,1.036,-1.013,1
-1,-0.976,-0.973,-1
-1,1.011,1.021,1
-1,-1.042,0.95,1
-1,1.016,-0.954,1
-1,-0.984,-0.97,-1
-1,0.999,0.95,1
-1,-1.015,0.988,1
-1,1.047,-1.01,1
-1,-1.016,-1.004,-1
-1,1.036,0.98,1
-1,-0.96,0.966,1
-1,1.032,-1.004,1
-1,-0.965,-0.958,-1
-1,0.964,1.001,1
-1,-1.036,1.002,1
-1,0.99,-1.009,1
-1,-1.02,-0.997,-1
-1,1.014,1.04,1
-1,-0.996,0.98,1
-1,1.036,-0.978,1
-1,-0.988,-0.963,-1
-1,1.022,1.047,1
-1,-1.025,0.971,1
-1,1.039,-0.99,1
-1,-1.03,-0.974,-1
-1,0.992,0.96,1
-1,-0.958,0.974,1
-1,0.959,-1.021,1
-1,-0.981,-0.975,-1
-1,1.03,1.033,1
-1,-1.023,0.97,1
-1,0.974,-1.041,1
-1,-0.976,-0.962,-1
-1,1.049,1.03,1
-1,-0.98,0.988,1
-1,1.002,-1.018,1
-1,-1.025,-0.974,-1
-1,1.032,1.001,1
-1,-0.952,1.021,1
-1,1.013,-0.98,1
-1,-1.003,-0.993,-1
-1,0.982,1.041,1
-1,-1.016,0.991,1
-1,0.971,-1.047,1
-1,-1.034,-0.997,-1
-1,0.988,1.046,1
-1,-1.024,1.013,1
-1,0.955,-0.998,1
-1,-1.047,-0.993,-1
-1,0.982,0.976,1
-1,-0.955,0.986,1
-1,1.008,-1.03,1
-1,-1.038,-0.958,-1
-1,0.973,1.012,1
-1,-0.986,0.988,1
-1,0.982,-0.987,1
-1,-1.002,-0.985,-1
-1,0.957,1.032,1
-1,-0.992,0.978,1
-1,0.987,-1.023,1
-1,-1.017,-0.975,-1
-1,0.973,1.009,1
-1,-0.96,0.978,1
-1,0.961,-1.004,1
-1,-0.965,-0.955,-1
-1,1.022,0.982,1
-1,-1.019,1.032,1
-1,0.955,-0.954,1
-1,-0.975,-1.022,-1
-1,1.008,0.989,1
-1,-1.031,0.993,1
-1,1.004,-0.983,1
-1,-0.99,-0.989,-1
-1,0.951,1.02,1
-1,-1.009,0.988,1
-1,1.047,-0.975,1
-1,-1.037,-1.03,-1
-1,1.036,1.006,1
-1,-1.049,1.048,1
-1,0.952,-1.012,1
-1,-1.005,-0.976,-1
-1,0.973,0.979,1
-1,-0.994,0.978,1
-1,0.975,-1.019,1
-1,-1.042,-1.015,-1
-1,0.972,1.029,1
-1,-1.02,1.027,1
-1,0.996,-0.96,1
-1,-0.96,-1.003,-1
-1,0.963,0.982,1
-1,-1.013,0.96,1
-1,0.957,-0.999,1
-1,-0.967,-0.957,-1
-1,0.957,0.986,1
-1,-1.007,0.959,1
-1,0.976,-0.961,1
-1,-1.015,-1.001,-1
-1,0.968,1.041,1
-1,-0.973,1.045,1
-1,0.973,-1.012,1
-1,-1.02,-0.953,-1
-1,0.967,0.963,1
-1,-0.976,0.966,1
-1,1.005,-0.985,1
-1,-1.035,-0.982,-1
-1,0.999,1.003,1
-1,-0.971,1.006,1
-1,1.006,-1.036,1
-1,-1.049,-1.035,-1
-1,1,1.047,1
-1,-0.974,1.026,1
-1,0.988,-1.039,1
-1,-1.024,-1.042,-1
-1,0.952,1.005,1
-1,-1.047,1.027,1
-1,1.043,-0.965,1
-1,-0.975,-1.039,-1
-1,1.048,0.951,1
-1,-1.023,0.956,1
-1,0.968,-1.008,1
-1,-0.976,-0.983,-1
-1,0.997,1.003,1
-1,-1.027,0.953,1
-1,1.017,-0.973,1
-1,-1.032,-0.981,-1
-1,0.976,1.044,1
-1,-1.004,1.014,1
-1,0.955,-1.026,1
-1,-0.978,-0.99,-1
-1,1.029,0.977,1
-1,-1.013,0.975,1
-1,1.014,-0.986,1
-1,-1.014,-1.035,-1
-1,1.016,0.965,1
-1,-1.029,1.034,1
-1,0.959,-0.955,1
-1,-0.998,-0.993,-1
-1,0.951,0.977,1
-1,-0.99,0.97,1
-1,1.006,-1.019,1
-1,-0.96,-0.968,-1
-1,0.975,1.038,1
-1,-1.004,1.033,1
-1,0.962,-0.98,1
-1,-1.007,-0.959,-1
-1,0.999,0.982,1
-1,-1.034,1.016,1
-1,1.047,-1.046,1
-1,-0.969,-0.987,-1
-1,1.021,1.004,1
-1,-0.951,1.031,1
-1,0.951,-0.999,1
-1,-0.96,-1.048,-1
-1,0.981,0.952,1
-1,-0.975,1.037,1
-1,0.983,-0.985,1
-1,-0.98,-1.039,-1
-1,0.955,1.018,1
-1,-1.004,0.967,1
-1,1.041,-0.961,1
-1,-0.99,-0.958,-1
-1,1.023,0.979,1
-1,-0.992,1.02,1
-1,0.983,-0.959,1
-1,-0.965,-0.993,-1
-1,1.047,0.987,1
-1,-0.96,1.049,1
-1,1.038,-0.97,1
-1,-0.997,-0.979,-1
-1,0.984,0.978,1
-1,-0.991,0.97,1
-1,0.995,-0.969,1
-1,-0.967,-1,-1
-1,0.951,0.979,1
-1,-1.031,1.042,1
-1,1.02,-0.97,1
-1,-1.013,-1.007,-1
-1,0.959,0.997,1
-1,-0.984,1.044,1
-1,0.989,-1.047,1
-1,-1.047,-0.962,-1
-1,0.99,1.043,1
-1,-0.963,1.031,1
-1,0.975,-1.009,1
-1,-0.998,-1.038,-1
-1,0.971,1.013,1
-1,-1.018,1.017,1
-1,0.994,-1.035,1
-1,-0.981,-1.004,-1
-1,0.994,1.039,1
-1,-0.96,0.964,1
-1,0.971,-1.023,1
-1,-1.041,-1.02,-1
-1,1.025,1.025,1
-1,-0.974,1.016,1
-1,0.981,-0.97,1
-1,-0.996,-0.979,-1
-1,0.975,0.992,1
-1,-1.046,0.953,1
-1,0.985,-0.993,1
-1,-1.035,-0.994,-1
-1,1.022,0.997,1
-1,-0.975,0.967,1
-1,0.964,-1.005,1
-1,-0.987,-0.992,-1
-1,1.036,1.003,1
-1,-1.026,0.957,1
-1,1.031,-1.017,1
-1,-0.961,-1.042,-1
-1,1.011,0.967,1
-1,-0.976,1.042,1
-1,0.999,-1.022,1
-1,-1.035,-0.975,-1
-1,0.972,1.022,1
-1,-1.02,1.007,1
-1,1.031,-1.005,1
-1,-0.984,-0.997,-1
-1,1.042,0.991,1
-1,-0.98,1.008,1
-1,0.988,-0.965,1
-1,-1.034,-1.026,-1
-1,0.989,1.042,1
-1,-0.967,1.022,1
-1,1.027,-0.978,1
-1,-1.018,-1.012,-1
-1,0.992,0.956,1
-1,-0.968,1.041,1
-1,1.036,-1,1
-1,-1.032,-1.041,-1
-1,0.972,0.998,1
-1,-1.032,1.005,1
-1,0.995,-0.966,1
-1,-1.042,-0.961,-1
-1,1.028,1.029,1
-1,-1.003,0.966,1
-1,1.014,-1.035,1
-1,-0.957,-0.995,-1
-1,0.957,1.026,1
-1,-0.971,1.035,1
-1,0.951,-1.039,1
-1,-0.975,-0.955,-1
-1,1.019,0.96,1
-1,-0.964,1.006,1
-1,0.962,-0.993,1
-1,-1.033,-0.964,-1
-1,1.007,0.985,1
-1,-1.009,0.953,1
-1,1.022,-1.001,1
-1,-0.958,-1,-1
-1,1.03,0.99,1
-1,-1.032,1.047,1
-1,1.005,-1.039,1
-1,-1.046,-1.035,-1
-1,0.99,1.034,1
-1,-1.05,1.043,1
-1,0.997,-1.023,1
-1,-0.962,-1.033,-1
-1,0.987,1.024,1
-1,-0.977,0.951,1
-1,1.033,-0.96,1
-1,-0.963,-1.009,-1
-1,1.027,0.978,1
-1,-0.954,0.951,1
-1,0.98,-0.962,1
-1,-1.047,-1.04,-1
-1,1.03,0.972,1
-1,-0.991,0.986,1
-1,1.035,-0.986,1
-1,-1.047,-0.973,-1
-1,0.95,1.005,1
-1,-0.98,0.997,1
-1,1.032,-0.992,1
-1,-0.986,-0.978,-1
-1,1.035,0.987,1
-1,-0.977,1.018,1
-1,1.029,-0.989,1
-1,-0.989,-1.041,-1
-1,1.039,1.007,1
-1,-1.04,0.969,1
-1,0.996,-0.984,1
-1,-0.968,-0.972,-1
-1,1.038,0.991,1
-1,-0.984,0.975,1
-1,1.007,-0.981,1
-1,-1.047,-0.993,-1
-1,0.974,0.975,1
-1,-1.045,0.957,1
-1,1.034,-0.981,1
-1,-1.019,-0.981,-1
-1,1.009,0.954,1
-1,-0.961,1.04,1
-1,1.015,-0.999,1
-1,-0.999,-1.043,-1
-1,0.958,1.012,1
-1,-0.972,0.956,1
-1,0.978,-0.99,1
-1,-0.965,-0.982,-1
-1,1.004,1.001,1
-1,-1.005,0.961,1
-1,0.971,-1.05,1
-1,-0.981,-1.005,-1
-1,0.976,0.976,1
-1,-1.046,1.012,1
-1,1.045,-1.015,1
-1,-1.019,-1.044,-1
-1,0.99,0.97,1
-1,-1.001,1.007,1
-1,0.973,-1.05,1
-1,-1.034,-1.018,-1
-1,0.964,1.045,1
-1,-0.96,0.992,1
-1,0.957,-0.975,1
-1,-0.988,-1.037,-1
-1,1.029,1.01,1
-1,-0.973,0.95,1
-1,1.01,-1.004,1
-1,-0.953,-1.012,-1
-1,0.974,1.004,1
-1,-1.05,1.021,1
-1,1.039,-1.019,1
-1,-0.972,-0.969,-1
-1,0.954,1.029,1
-1,-0.959,0.977,1
-1,1.029,-1.043,1
-1,-1.039,-0.956,-1
-1,1.004,0.952,1
-1,-0.962,0.964,1
-1,0.979,-1.047,1
-1,-0.971,-1.042,-1
-1,1.013,1.006,1
-1,-0.99,1.025,1
-1,1.004,-1.04,1
-1,-1.036,-0.972,-1
-1,1.014,0.964,1
-1,-1,1.003,1
-1,1.048,-0.97,1
-1,-0.963,-0.996,-1
-1,1.009,1.028,1
-1,-1.017,0.988,1
-1,0.987,-1.005,1
-1,-0.966,-1.006,-1
-1,1.049,1.023,1
-1,-0.992,0.978,1
-1,0.978,-1.013,1
-1,-0.961,-0.959,-1
-1,0.996,0.999,1
-1,-1.032,0.95,1
-1,1.009,-1.018,1
-1,-0.971,-1.027,-1
-1,1.049,0.979,1
-1,-1.021,1.047,1
-1,0.959,-1.034,1
-1,-1.047,-1.03,-1
-1,0.996,0.986,1
-1,-0.992,1.033,1
-1,0.983,-0.955,1
-1,-1.023,-1.018,-1
-1,0.97,0.987,1
-1,-1.037,0.998,1
-1,0.977,-1.048,1
-1,-0.959,-0.977,-1
-1,0.953,0.959,1
-1,-1.025,1.013,1
-1,0.992,-1.046,1
-1,-1.012,-0.957,-1
-1,1.035,0.969,1
-1,-1.008,0.996,1
-1,1.037,-1.005,1
-1,-0.984,-1.017,-1
-1,1.031,1.027,1
-1,-0.981,0.965,1
-1,1.022,-1.002,1
-1,-0.951,-0.958,-1
-1,0.988,0.962,1
-1,-1.01,1.015,1
-1,0.964,-1.019,1
-1,-0.96,-0.98,-1
-1,1.042,0.965,1
-1,-1.017,1.036,1
-1,1.022,-1.027,1
-1,-0.971,-0.993,-1
-1,1.045,0.971,1
-1,-1.046,1.032,1
-1,0.968,-1.028,1
-1,-0.982,-0.998,-1
-1,1.049,1.039,1
-1,-1.031,1.021,1
-1,1.039,-1.032,1
-1,-1.035,-1.023,-1
-1,1.033,1.005,1
-1,-1.006,0.999,1
-1,0.988,-1.016,1
-1,-1.031,-0.967,-1
-1,0.952,0.954,1
-1,-0.981,1.024,1
-1,0.978,-1.001,1
-1,-0.967,-1.027,-1
-1,0.972,0.989,1
-1,-0.993,1.043,1
-1,1.012,-1.025,1
-1,-1.005,-1.037,-1
-1,1.016,1.014,1
-1,-1.013,1.006,1
-1,0.984,-0.998,1
-1,-0.967,-1.033,-1
-1,1.01,1.03,1
-1,-0.983,1,1
-1,1.016,-0.964,1
-1,-1.017,-0.982,-1
-1,1.041,0.953,1
-1,-0.956,1.021,1
-1,0.954,-0.972,1
-1,-1.004,-0.972,-1
-1,0.967,1.005,1
-1,-0.979,1.029,1
-1,0.983,-0.982,1
-1,-0.957,-0.951,-1
-1,1.034,1.032,1
-1,-0.995,0.969,1
-1,0.984,-0.959,1
-1,-0.962,-0.956,-1
-1,1.021,0.957,1
-1,-0.953,1.039,1
-1,1.044,-1.02,1
-1,-0.992,-1.013,-1
-1,1.035,0.954,1
-1,-0.99,1.039,1
-1,1.032,-0.992,1
-1,-1.03,-1.05,-1
-1,0.963,1.041,1
-1,-1.019,0.996,1
-1,0.962,-0.974,1
-1,-1.004,-0.954,-1
-1,1.008,1.003,1
-1,-0.983,0.995,1
-1,0.994,-0.994,1
-1,-0.959,-0.983,-1
-1,1.013,1.038,1
-1,-1.041,0.959,1
-1,0.969,-1.031,1
-1,-0.952,-0.994,-1
-1,0.973,1.008,1
-1,-0.952,0.956,1
-1,0.966,-1.032,1
-1,-0.992,-0.968,-1
-1,1.011,0.991,1
-1,-1.022,1.023,1
-1,0.968,-1.024,1
-1,-0.98,-1.022,-1
-1,1.03,0.987,1
-1,-0.977,1.026,1
-1,0.995,-0.985,1
-1,-0.954,-1.041,-1
-1,1.003,0.955,1
-1,-0.98,0.974,1
-1,0.974,-0.981,1
-1,-1.017,-1.003,-1
-1,0.977,0.981,1
-1,-1.045,1.046,1
-1,0.999,-0.987,1
-1,-0.972,-1.04,-1
-1,1.007,1.008,1
-1,-1.014,1.025,1
-1,1.035,-0.992,1
-1,-1.047,-0.985,-1
-1,0.997,0.979,1
-1,-1.009,1.043,1
-1,1.044,-1.013,1
-1,-0.996,-0.951,-1
-1,1.044,0.974,1
-1,-0.974,0.968,1
-1,0.995,-1.041,1
-1,-1.032,-1.025,-1
-1,1.042,0.973,1
-1,-1.029,0.991,1
-1,0.989,-0.999,1
-1,-1.047,-0.954,-1
-1,0.959,1.041,1
-1,-1.027,1.044,1
-1,0.999,-0.972,1
-1,-1.039,-0.953,-1
-1,1.009,1.003,1
-1,-0.96,1.003,1
-1,0.992,-0.954,1
-1,-1.045,-0.961,-1
-1,1.022,0.983,1
-1,-1.043,0.968,1
-1,1.044,-0.973,1
-1,-1.007,-0.964,-1
-1,1.003,0.966,1
-1,-0.971,1.042,1
-1,1.017,-0.968,1
-1,-1.01,-1.022,-1
-1,1.024,0.965,1
-1,-1.027,1.025,1
-1,0.995,-1.016,1
-1,-0.978,-1.045,-1
-1,0.989,0.964,1
-1,-1.04,0.984,1
-1,0.96,-1.035,1
-1,-1.027,-1.015,-1
-1,0.95,1.032,1
-1,-0.997,1.044,1
-1,1.01,-0.954,1
-1,-1.018,-1.037,-1
-1,0.962,0.961,1
-1,-0.993,0.981,1
-1,1.044,-1.001,1
-1,-0.991,-1.03,-1
-1,0.966,0.984,1
-1,-0.955,1.011,1
-1,0.971,-1.03,1
-1,-0.984,-1.038,-1
-1,1.036,1.027,1
-1,-1.004,0.999,1
-1,0.994,-1.029,1
-1,-0.966,-1.005,-1
-1,1.006,0.987,1
-1,-0.959,0.966,1
-1,1.035,-1.026,1
-1,-0.969,-1.001,-1
-1,1.037,1.04,1
-1,-0.97,1.031,1
-1,1.041,-0.959,1
-1,-0.997,-1.043,-1
-1,0.976,0.951,1
-1,-0.982,0.997,1
-1,1.023,-0.963,1
-1,-1.039,-0.991,-1
-1,1.014,0.96,1
-1,-1.042,1.01,1
-1,0.981,-1.006,1
-1,-0.993,-0.963,-1
-1,0.983,0.999,1
-1,-0.995,0.968,1
-1,0.975,-0.962,1
-1,-0.983,-1.038,-1
-1,1.028,1.049,1
-1,-1.004,1.019,1
-1,1.041,-0.999,1
-1,-1.022,-0.981,-1
-1,0.954,1.047,1
-1,-0.982,1.027,1
-1,1.034,-0.971,1
-1,-0.961,-1.05,-1
-1,1.039,0.999,1
-1,-0.99,1.023,1
-1,1.044,-1.032,1
-1,-1.038,-1.023,-1
-1,0.969,0.97,1
-1,-1.004,1.046,1
-1,0.958,-0.985,1
-1,-0.99,-1.011,-1
-1,0.967,0.956,1
-1,-0.99,0.958,1
-1,0.96,-0.961,1
-1,-1.021,-1.036,-1
-1,0.988,1.047,1
-1,-0.958,1.024,1
-1,0.978,-0.969,1
-1,-0.976,-1.032,-1
-1,0.98,1.036,1
-1,-1.007,1.026,1
-1,1.006,-0.995,1
-1,-1.046,-1.023,-1
-1,0.977,0.952,1
-1,-0.975,0.986,1
-1,0.969,-1.014,1
-1,-1.023,-1.014,-1
-1,1.044,1.037,1
-1,-1.006,0.954,1
-1,1.026,-0.977,1
-1,-1.031,-0.984,-1
-1,0.972,1.013,1
-1,-1.01,1.001,1
-1,1.046,-0.984,1
-1,-1.029,-0.972,-1
-1,0.955,1.014,1
-1,-0.995,1.011,1
-1,1.021,-1.039,1
-1,-1.009,-0.951,-1
-1,0.963,0.966,1
-1,-0.963,0.982,1
-1,0.954,-1.036,1
-1,-1.029,-0.951,-1
-1,0.951,1.015,1
-1,-0.995,0.98,1
-1,1.041,-1.024,1
-1,-0.954,-0.985,-1
-1,1.039,0.987,1
-1,-1.034,0.987,1
-1,0.953,-0.961,1
-1,-1.034,-1.042,-1
-1,0.955,0.973,1
-1,-1.028,1.027,1
-1,1.036,-1.035,1
-1,-1.022,-0.999,-1
-1,1.033,0.965,1
-1,-0.967,1.038,1
-1,0.979,-0.994,1
-1,-1.011,-0.968,-1
-1,0.972,1.044,1
-1,-1.038,1.015,1
-1,0.971,-1.041,1
-1,-0.968,-0.988,-1
-1,0.996,1.001,1
-1,-1.05,0.951,1
-1,0.99,-0.982,1
-1,-0.988,-1.004,-1
-1,0.993,0.986,1
-1,-0.975,0.979,1
-1,0.953,-1.047,1
-1,-0.97,-0.964,-1
-1,0.968,0.965,1
-1,-1.024,1.049,1
-1,1.022,-0.985,1
-1,-0.969,-1.004,-1
-1,1.01,1.044,1
-1,-0.987,1.031,1
-1,1.005,-1.005,1
-1,-1.007,-0.997,-1
-1,1.046,1.045,1
-1,-0.996,1.039,1
-1,1.013,-0.982,1
-1,-1.015,-0.992,-1
-1,1.006,0.96,1
-1,-0.963,1.009,1
-1,1.015,-0.983,1
-1,-1.004,-0.967,-1
-1,1.033,1.022,1
-1,-1.016,0.957,1
-1,0.988,-1.035,1
-1,-0.997,-1,-1
-1,0.959,0.966,1
-1,-0.967,1.014,1
-1,1.011,-0.972,1
-1,-0.981,-1.04,-1
-1,1.024,0.974,1
-1,-0.951,1.039,1
-1,0.994,-1.016,1
-1,-1.002,-1.049,-1
-1,1.046,0.985,1
-1,-0.99,1.011,1
-1,1.005,-0.992,1
-1,-0.954,-0.96,-1
-1,0.981,0.98,1
-1,-0.953,0.971,1
-1,1.047,-1,1
-1,-1.027,-0.991,-1
-1,0.968,0.956,1
-1,-0.975,0.981,1
-1,1.034,-1.005,1
-1,-1.009,-1.04,-1
-1,1.019,0.99,1
-1,-1.05,1.015,1
-1,0.976,-1.05,1
-1,-0.984,-0.976,-1
-1,0.985,0.977,1
-1,-0.963,0.992,1
-1,0.987,-0.967,1
-1,-1.018,-0.982,-1
-1,1.015,0.979,1
-1,-1.009,1.013,1
-1,0.981,-0.986,1
-1,-1.028,-1.001,-1
-1,1.02,0.999,1
-1,-0.969,0.957,1
-1,1.044,-1.028,1
-1,-1.033,-1.035,-1
-1,0.965,0.967,1
-1,-0.969,1.043,1
-1,0.967,-1.003,1
-1,-0.982,-1.045,-1
-1,0.976,1.005,1
-1,-1.003,1.014,1
-1,1.041,-1.018,1
-1,-0.966,-0.994,-1
-1,1.011,1.028,1
-1,-0.979,0.995,1
-1,0.992,-1.005,1
-1,-0.956,-0.985,-1
-1,1.045,0.977,1
-1,-0.978,1.039,1
-1,0.952,-0.961,1
-1,-1.045,-1.033,-1
-1,1.009,1.036,1
-1,-1.04,0.978,1
-1,1.035,-1.02,1
-1,-0.965,-0.986,-1
-1,1.036,1.035,1
-1,-0.97,1.027,1
-1,0.967,-0.986,1
-1,-0.965,-1.02,-1
-1,0.992,0.959,1
-1,-0.975,0.987,1
-1,1.004,-1.028,1
-1,-1.048,-1.049,-1
-1,0.999,0.976,1
-1,-0.959,1.001,1
-1,1.017,-1.002,1
-1,-1.03,-1.024,-1
-1,1.036,1.033,1
-1,-1.043,1.021,1
-1,0.963,-0.958,1
-1,-0.963,-0.999,-1
-1,0.979,1.017,1
-1,-0.97,0.996,1
-1,0.982,-0.984,1
-1,-0.973,-1.024,-1
-1,0.977,0.954,1
-1,-0.987,1.031,1
-1,0.976,-1.033,1
-1,-1.015,-1.022,-1
-1,0.993,1.028,1
-1,-1.019,0.961,1
-1,0.976,-1.046,1
-1,-0.961,-1.038,-1
-1,1.037,1.046,1
-1,-1.015,1.002,1
-1,0.991,-0.975,1
-1,-1.046,-0.98,-1
-1,0.992,1.034,1
-1,-1.033,1.024,1
-1,0.952,-1.004,1
-1,-0.997,-1.021,-1
-1,1,0.966,1
-1,-0.987,0.979,1
-1,1.036,-0.952,1
-1,-0.993,-1.021,-1
-1,1.026,1.038,1
-1,-1.01,1.004,1
-1,1.042,-1.02,1
-1,-1.032,-1.019,-1
-1,1.028,0.955,1
-1,-0.966,0.969,1
-1,1.03,-1.01,1
-1,-1.008,-1.027,-1
-1,1.026,1.009,1
-1,-1.001,0.981,1
-1,1.007,-1.048,1
-1,-0.99,-0.991,-1
-1,1.021,1.025,1
-1,-0.962,1.007,1
-1,1.023,-1.005,1
-1,-1.012,-1.049,-1
-1,1.036,0.981,1
-1,-0.995,0.98,1
-1,0.963,-0.977,1
-1,-0.988,-0.959,-1
-1,1.029,1.048,1
-1,-0.987,1.009,1
-1,1.04,-1.045,1
-1,-0.968,-0.984,-1
-1,0.966,1.034,1
-1,-0.953,1.023,1
-1,1.036,-1.04,1
-1,-0.966,-1.041,-1
-1,1.035,1.023,1
-1,-1.032,0.961,1
-1,1.02,-0.993,1
-1,-1.038,-1.042,-1
-1,1.038,1.018,1
-1,-1.011,0.951,1
-1,1.043,-0.997,1
-1,-1.006,-1.026,-1
-1,1.001,1.009,1
-1,-0.966,1.043,1
-1,1.014,-1.032,1
-1,-0.991,-1.018,-1
-1,0.952,0.959,1
-1,-0.993,0.991,1
-1,0.969,-1.008,1
-1,-1.048,-0.994,-1
-1,0.965,0.971,1
-1,-0.983,0.987,1
-1,0.98,-1.018,1
-1,-1.004,-1.032,-1
-1,1.002,1.035,1
-1,-0.979,0.995,1
-1,1.04,-0.983,1
-1,-0.98,-1.009,-1
-1,0.977,0.956,1
-1,-0.964,0.993,1
-1,1.026,-1.005,1
-1,-0.974,-0.971,-1
-1,0.956,1.035,1
-1,-0.978,1.027,1
-1,0.977,-0.976,1
-1,-0.964,-0.956,-1
-1,0.997,1.003,1
-1,-1.018,1.027,1
-1,0.987,-1.02,1
-1,-1.003,-0.961,-1
-1,0.965,1.02,1
-1,-0.963,0.955,1
-1,0.988,-1.041,1
-1,-0.952,-1.033,-1
-1,0.965,1.034,1
-1,-1.038,1.041,1
-1,1.031,-1.01,1
-1,-1.028,-1.01,-1
-1,0.976,0.996,1
-1,-1.033,0.955,1
-1,0.971,-0.995,1
-1,-1.05,-0.982,-1
-1,0.959,1.034,1
-1,-0.952,1.048,1
-1,0.964,-1.005,1
-1,-0.962,-0.969,-1
-1,0.966,0.977,1
-1,-1.012,0.956,1
-1,0.986,-0.962,1
-1,-0.975,-1.047,-1
-1,0.974,1.037,1
-1,-1.004,1.007,1
-1,0.978,-0.981,1
-1,-0.953,-0.996,-1
-1,1.017,1.017,1
-1,-1.039,1.038,1
-1,0.972,-1.039,1
-1,-1.041,-0.967,-1
-1,0.997,0.957,1
-1,-0.968,0.963,1
-1,0.954,-1.028,1
-1,-0.956,-1.03,-1
-1,0.951,1.034,1
-1,-0.972,0.987,1
-1,1.022,-0.997,1
-1,-0.958,-0.954,-1
-1,0.991,0.988,1
-1,-0.996,0.971,1
-1,1.009,-0.999,1
-1,-1.023,-1.023,-1
-1,1.02,0.988,1
-1,-0.983,1.043,1
-1,0.952,-1.022,1
-1,-1.022,-1.001,-1
-1,0.985,0.96,1
-1,-1.035,1.042,1
-1,1.034,-1.041,1
-1,-0.986,-0.965,-1
-1,0.996,0.993,1
-1,-0.976,0.968,1
-1,0.998,-0.984,1
-1,-1.035,-1.009,-1
-1,1.007,0.971,1
-1,-0.988,1.018,1
-1,0.974,-1.009,1
-1,-0.955,-0.955,-1
-1,1.03,0.965,1
-1,-1.01,1.032,1
-1,0.993,-0.982,1
-1,-0.967,-1.019,-1
-1,0.981,1.048,1
-1,-1.027,1.017,1
-1,1.01,-1.011,1
-1,-0.997,-1.044,-1
-1,1.032,0.977,1
-1,-1.026,0.981,1
-1,0.996,-0.959,1
-1,-1.026,-1.047,-1
-1,1.014,1.037,1
-1,-1.027,1.039,1
-1,0.978,-0.979,1
-1,-1.014,-0.99,-1
-1,1.036,1.026,1
-1,-1.008,1.031,1
-1,1.046,-0.972,1
-1,-0.986,-0.971,-1
-1,1.026,0.989,1
-1,-1.003,0.986,1
-1,1.029,-0.998,1
-1,-0.956,-0.989,-1
-1,0.981,0.969,1
-1,-1.006,1.027,1
-1,1.012,-0.981,1
-1,-1.018,-1.023,-1
-1,0.958,1.006,1
-1,-0.982,1.038,1
-1,0.977,-1.046,1
-1,-1.001,-0.985,-1
-1,0.982,0.993,1
-1,-1.004,1.03,1
-1,1.023,-1.039,1
-1,-0.99,-1,-1
-1,1,1.009,1
-1,-1.012,0.979,1
-1,0.961,-1.017,1
-1,-1.007,-0.956,-1
-1,0.954,0.989,1
-1,-1.026,0.968,1
-1,1.01,-0.994,1
-1,-0.953,-0.982,-1
-1,1.014,1.015,1
-1,-1.041,0.993,1
-1,1.019,-0.992,1
-1,-0.99,-1.049,-1
-1,1.003,1.009,1
-1,-1.016,0.977,1
-1,0.972,-1.004,1
-1,-1.021,-1.026,-1
-1,0.955,0.969,1
-1,-0.996,1.018,1
-1,0.954,-1.001,1
-1,-0.988,-0.99,-1
-1,0.99,1.036,1
-1,-0.971,0.951,1
-1,1.045,-0.974,1
-1,-0.981,-1.039,-1
-1,0.992,0.98,1
-1,-1.043,1.013,1
-1,0.99,-0.983,1
-1,-1.033,-0.956,-1
-1,1.028,1.001,1
-1,-0.977,0.95,1
-1,1.047,-1.048,1
-1,-1.025,-1.048,-1
-1,1.023,0.981,1
-1,-1.028,1.028,1
-1,1.03,-1.014,1
-1,-1.012,-1.03,-1
-1,0.973,0.967,1
-1,-1.029,1.02,1
-1,0.996,-1.007,1
-1,-1.017,-1.01,-1
-1,0.975,0.99,1
-1,-1.047,1.016,1
-1,1.01,-1.03,1
-1,-1.038,-1.012,-1
-1,0.973,1.035,1
-1,-1.011,0.97,1
-1,0.989,-1.034,1
-1,-0.976,-1.038,-1
-1,0.997,1.046,1
-1,-0.96,0.977,1
-1,1.035,-0.969,1
-1,-0.951,-0.99,-1
-1,1,1.023,1
-1,-1.02,1.046,1
-1,1.018,-1.035,1
-1,-1.014,-0.957,-1
-1,1.006,1.042,1
-1,-1.039,1.018,1
-1,1.014,-1.027,1
-1,-0.992,-0.962,-1
-1,0.958,0.999,1
-1,-1.042,1.049,1
-1,1.015,-1.015,1
-1,-0.986,-1.038,-1
-1,1.033,1.004,1
-1,-0.959,1.018,1
-1,1.037,-1.007,1
-1,-1.022,-1.012,-1
-1,0.966,0.96,1
-1,-1.016,0.986,1
-1,0.976,-1.027,1
-1,-0.969,-1.016,-1
-1,0.965,1.043,1
-1,-1.048,1.029,1
-1,0.966,-0.99,1
-1,-0.983,-0.973,-1
-1,1.012,0.978,1
-1,-0.974,0.977,1
-1,1.013,-1.01,1
-1,-1.01,-0.952,-1
-1,0.997,0.981,1
-1,-0.983,0.984,1
-1,1.024,-0.955,1
-1,-1.026,-1.008,-1
-1,1.008,1.009,1
-1,-1.02,1.034,1
-1,0.984,-1.038,1
-1,-1.032,-1.001,-1
-1,1.007,1.022,1
-1,-0.97,1.023,1
-1,1.034,-1.05,1
-1,-1.048,-1.004,-1
-1,1.03,0.981,1
-1,-0.976,1.045,1
-1,0.973,-0.984,1
-1,-0.957,-1.028,-1
-1,1.047,1.01,1
-1,-0.993,0.974,1
-1,0.958,-0.969,1
-1,-1.032,-0.984,-1
-1,1.042,0.999,1
-1,-1.048,0.976,1
-1,0.963,-0.978,1
-1,-1.023,-0.98,-1
-1,0.994,1.01,1
-1,-0.955,0.978,1
-1,1.01,-1,1
-1,-1.023,-1.01,-1
-1,1.031,1.003,1
-1,-0.963,0.954,1
-1,0.969,-0.97,1
-1,-1.023,-0.982,-1
-1,1.043,0.986,1
-1,-1.006,1.003,1
-1,1.019,-0.987,1
-1,-0.979,-1.036,-1
-1,1.014,1.023,1
-1,-0.958,0.979,1
-1,0.995,-1.03,1
-1,-0.999,-1.009,-1
-1,1.03,1.048,1
-1,-1.029,1.042,1
-1,0.998,-1.002,1
-1,-0.966,-1.021,-1
-1,0.951,1.021,1
-1,-0.964,1.022,1
-1,0.953,-0.985,1
-1,-1.009,-0.954,-1
-1,1.003,1.035,1
-1,-1.001,1.024,1
-1,0.95,-0.978,1
-1,-0.962,-0.986,-1
-1,0.995,1.031,1
-1,-0.957,0.992,1
-1,1.003,-0.954,1
-1,-0.967,-0.965,-1
-1,1.045,1.007,1
-1,-0.973,0.993,1
-1,0.955,-0.989,1
-1,-1.025,-0.991,-1
-1,1.034,1.013,1
-1,-1.019,1.037,1
-1,0.978,-1.026,1
-1,-1.014,-1.017,-1
-1,0.96,0.987,1
-1,-1.043,0.96,1
-1,0.96,-0.954,1
-1,-1.023,-1.043,-1
-1,0.979,1.022,1
-1,-1.048,0.984,1
-1,1.019,-1.013,1
-1,-1.031,-0.986,-1
-1,1.044,0.998,1
-1,-1.043,1.002,1
-1,1.011,-1.018,1
-1,-1.039,-1.005,-1
-1,1.045,1.044,1
-1,-0.966,1.025,1
-1,0.969,-1.03,1
-1,-1.042,-1.021,-1
-1,1.008,1.018,1
-1,-0.959,0.97,1
-1,1.014,-1.032,1
-1,-1.023,-1.005,-1
-1,1.041,0.979,1
-1,-0.971,0.962,1
-1,1.017,-1,1
-1,-0.974,-0.989,-1
-1,1.048,1.033,1
-1,-0.985,1.009,1
-1,1.018,-0.974,1
-1,-1.046,-1.035,-1
-1,0.973,0.99,1
-1,-1.007,0.992,1
-1,1.011,-1.047,1
-1,-1.027,-1.031,-1
-1,1.021,1.016,1
-1,-1.011,1.037,1
-1,1.035,-1.032,1
-1,-1.018,-1.022,-1
-1,0.998,1.013,1
-1,-1.01,1.017,1
-1,0.963,-0.982,1
-1,-0.97,-0.987,-1
-1,0.953,0.996,1
-1,-1.028,1.021,1
-1,1.024,-0.972,1
-1,-1.011,-0.953,-1
-1,0.969,1.032,1
-1,-1.011,0.982,1
-1,0.987,-1.036,1
-1,-0.999,-1.041,-1
-1,1.031,0.992,1
-1,-0.954,0.968,1
-1,0.962,-0.969,1
-1,-0.952,-1.038,-1
-1,0.994,1.04,1
-1,-0.971,0.96,1
-1,1.008,-1.038,1
-1,-1.025,-1.037,-1
-1,0.96,0.998,1
-1,-0.965,1.034,1
-1,1.028,-0.974,1
-1,-0.968,-1.001,-1
-1,0.96,1.023,1
-1,-0.969,0.997,1
-1,0.99,-0.966,1
-1,-0.994,-0.977,-1
-1,1.028,1.003,1
-1,-0.959,1.041,1
-1,1.036,-1.009,1
-1,-1.047,-0.968,-1
-1,0.981,0.985,1
-1,-1.006,0.991,1
-1,0.997,-0.98,1
-1,-0.996,-0.993,-1
-1,1.02,1.041,1
-1,-0.957,0.998,1
-1,0.969,-0.975,1
-1,-0.952,-1.021,-1
-1,0.951,1.029,1
-1,-0.973,1.043,1
-1,0.966,-0.965,1
-1,-0.984,-0.956,-1
-1,1.04,1.007,1
-1,-0.965,1.026,1
-1,1,-0.961,1
-1,-0.991,-1.017,-1
-1,1.026,0.953,1
-1,-1.024,0.973,1
-1,1.023,-1.018,1
-1,-1.018,-1.007,-1
-1,0.974,0.975,1
-1,-1.006,0.993,1
-1,1.003,-0.956,1
-1,-1.025,-1.044,-1
-1,0.975,1.004,1
-1,-0.951,0.991,1
-1,0.989,-0.985,1
-1,-1.014,-1.02,-1
-1,1.024,0.971,1
-1,-0.992,0.974,1
-1,1.012,-0.981,1
-1,-1.041,-1.012,-1
-1,1.023,0.985,1
-1,-1.037,1.048,1
-1,1.017,-1.005,1
-1,-0.956,-1.007,-1
-1,0.973,1.04,1
-1,-0.963,0.978,1
-1,1.034,-0.986,1
-1,-1.016,-1.041,-1
-1,0.968,1.035,1
-1,-0.999,1.007,1
-1,0.952,-0.963,1
-1,-1.011,-0.974,-1
-1,1.01,1.048,1
-1,-0.998,0.973,1
-1,0.969,-0.989,1
-1,-0.989,-0.958,-1
-1,0.998,1.025,1
-1,-1.007,0.965,1
-1,1.022,-0.961,1
-1,-0.991,-1.003,-1
-1,1.029,1.048,1
-1,-0.975,0.965,1
-1,1.012,-0.989,1
-1,-1.026,-1.018,-1
-1,0.996,0.977,1
-1,-0.961,0.998,1
-1,1.016,-0.969,1
-1,-0.974,-1.023,-1
-1,0.981,1.03,1
-1,-1,1,1
-1,1.043,-0.987,1
-1,-0.955,-1.009,-1
-1,1.04,1.04,1
-1,-1.041,0.965,1
-1,1.029,-0.982,1
-1,-0.988,-1.04,-1
-1,0.968,1.04,1
-1,-1.025,1.03,1
-1,1.001,-1.049,1
-1,-1.038,-0.952,-1
-1,1.031,1.003,1
-1,-0.952,0.997,1
-1,1.036,-1.023,1
-1,-0.976,-1.033,-1
-1,0.957,1.026,1
-1,-1.03,0.951,1
-1,1.042,-1.035,1
-1,-0.956,-0.968,-1
-1,0.955,0.953,1
-1,-1.001,0.986,1
-1,0.973,-1.038,1
-1,-0.952,-1.009,-1
-1,0.952,1.025,1
-1,-0.977,0.955,1
-1,0.978,-1.013,1
-1,-1.047,-1.041,-1
-1,1.041,1.004,1
-1,-0.993,1.027,1
-1,1.031,-0.967,1
-1,-1.003,-1.01,-1
-1,1.01,1.017,1
-1,-0.957,1.002,1
-1,0.984,-1.01,1
-1,-0.964,-0.959,-1
-1,0.993,0.986,1
-1,-1.023,1.017,1
-1,0.95,-1.025,1
-1,-0.99,-0.996,-1
-1,1.002,0.984,1
-1,-0.991,1.03,1
-1,1.021,-1.035,1
-1,-0.96,-1.036,-1
-1,0.971,1.049,1
-1,-1.006,1.004,1
-1,1.032,-0.959,1
-1,-0.956,-1.008,-1
-1,0.96,0.99,1
-1,-1.004,0.994,1
-1,1.03,-0.965,1
-1,-1.015,-0.975,-1
-1,1.023,0.964,1
-1,-1.008,1.023,1
-1,1.041,-0.995,1
-1,-1.023,-1.007,-1
-1,1.039,0.988,1
-1,-1.027,1.01,1
-1,1.003,-0.985,1
-1,-1.023,-1.024,-1
-1,1.014,1.021,1
-1,-0.97,0.997,1
-1,1.012,-0.975,1
-1,-1.009,-0.978,-1
-1,1.017,0.99,1
-1,-0.982,0.997,1
-1,0.975,-1.047,1
-1,-1.028,-0.952,-1
-1,1.019,0.967,1
-1,-1.027,1.01,1
-1,1.022,-1.048,1
-1,-0.995,-1.037,-1
-1,0.99,1.028,1
-1,-1.025,0.996,1
-1,1.046,-0.998,1
-1,-0.978,-0.99,-1
-1,0.973,1.003,1
-1,-1.043,0.987,1
-1,1.03,-1.049,1
-1,-0.989,-1.003,-1
-1,0.991,0.979,1
-1,-1.004,1.016,1
-1,1.034,-1.03,1
-1,-1.034,-0.997,-1
-1,1.039,0.989,1
-1,-0.985,0.963,1
-1,0.991,-1.03,1
-1,-1.024,-0.969,-1
-1,1.001,0.954,1
-1,-0.971,0.997,1
-1,1.006,-0.998,1
-1,-1.043,-1.018,-1
-1,1.007,1.017,1
-1,-0.981,1.039,1
-1,1.018,-1.019,1
-1,-1.014,-1.041,-1
-1,1.01,0.984,1
-1,-1.023,1.047,1
-1,1.004,-1.007,1
-1,-1,-1.006,-1
-1,1.032,1.018,1
-1,-0.993,0.973,1
-1,1.038,-1.014,1
-1,-0.994,-0.959,-1
-1,0.99,0.986,1
-1,-1.012,1.046,1
-1,0.99,-0.952,1
-1,-1.022,-0.953,-1
-1,1.015,1,1
-1,-1.012,0.983,1
-1,1.031,-1.024,1
-1,-0.956,-0.957,-1
-1,1.01,0.971,1
-1,-0.96,1.016,1
-1,1.014,-0.957,1
-1,-1.04,-0.952,-1
-1,1.011,0.97,1
-1,-1.029,0.951,1
-1,0.958,-1.021,1
-1,-0.957,-1.002,-1
-1,1.015,0.981,1
-1,-0.954,1.007,1
-1,0.979,-0.973,1
-1,-1.044,-1.004,-1
-1,0.977,0.994,1
-1,-1.019,1.01,1
-1,1.02,-1.025,1
-1,-0.997,-1.02,-1
-1,1.048,0.994,1
-1,-1.001,0.964,1
-1,1.039,-1.039,1
-1,-1.038,-1,-1
-1,0.981,1.035,1
-1,-1.047,0.989,1
-1,0.965,-0.954,1
-1,-1.011,-1.018,-1
-1,1.03,0.986,1
-1,-1.008,1.011,1
-1,0.963,-1.002,1
-1,-1.042,-0.958,-1
-1,1.043,1.041,1
-1,-0.998,0.965,1
-1,0.967,-1.045,1
-1,-0.952,-0.983,-1
-1,0.951,0.997,1
-1,-1.016,1.04,1
-1,1.008,-1.004,1
-1,-0.958,-1.008,-1
-1,1.034,1.046,1
-1,-1.017,1.001,1
-1,0.994,-0.977,1
-1,-1.015,-1.026,-1
-1,0.959,1.027,1
-1,-0.964,1.024,1
-1,0.976,-1.004,1
-1,-0.984,-0.979,-1
-1,1.039,0.968,1
-1,-0.964,1.008,1
-1,0.973,-1.014,1
-1,-1.024,-0.973,-1
-1,1.033,1.01,1
-1,-0.983,1.044,1
-1,1.008,-1.038,1
-1,-1.014,-1.008,-1
-1,0.958,1.019,1
-1,-1.005,1.002,1
-1,0.992,-0.969,1
-1,-1.021,-1.047,-1
-1,1.008,1.017,1
-1,-0.973,0.986,1
-1,1.015,-0.955,1
-1,-1.043,-0.996,-1
-1,0.963,0.996,1
-1,-1.037,1.039,1
-1,1.032,-1.011,1
-1,-0.984,-1.032,-1
-1,1.001,1.035,1
-1,-1.038,0.959,1
-1,0.999,-1.05,1
-1,-1.046,-0.993,-1
-1,1.019,0.999,1
-1,-0.988,1.014,1
-1,0.98,-0.959,1
-1,-1.031,-1.009,-1
-1,0.96,0.999,1
-1,-0.973,1.025,1
-1,0.994,-1.013,1
-1,-1.021,-1.04,-1
-1,0.985,0.992,1
-1,-0.951,1.019,1
-1,0.983,-1.033,1
-1,-0.963,-0.966,-1
-1,1.004,1.001,1
-1,-1.004,0.954,1
-1,1.001,-1,1
-1,-1.037,-0.977,-1
-1,1.001,1.025,1
-1,-1.013,0.984,1
-1,0.968,-0.994,1
-1,-0.975,-1.022,-1
-1,0.955,0.954,1
-1,-1.047,0.952,1
-1,0.991,-0.965,1
-1,-1.038,-0.974,-1
-1,0.977,0.961,1
-1,-0.952,0.963,1
-1,1.03,-0.965,1
-1,-0.953,-0.964,-1
-1,1.039,1.045,1
-1,-0.96,0.99,1
-1,0.995,-0.994,1
-1,-1.037,-0.953,-1
-1,1.033,0.952,1
-1,-1.019,0.952,1
-1,1.009,-0.992,1
-1,-0.968,-1.034,-1
-1,1.012,0.988,1
-1,-1.032,0.954,1
-1,0.973,-1.02,1
-1,-1.018,-1.048,-1
-1,1.043,1.032,1
-1,-1.035,0.975,1
-1,1.018,-0.985,1
-1,-0.986,-0.993,-1
-1,1.01,0.956,1
-1,-1.001,0.956,1
-1,1.012,-1.035,1
-1,-0.995,-1.004,-1
-1,0.967,0.988,1
-1,-1.05,1.026,1
-1,1.046,-0.968,1
-1,-1.005,-1.04,-1
-1,0.97,0.965,1
-1,-0.984,0.993,1
-1,1.048,-0.999,1
-1,-1.004,-1.007,-1
-1,0.983,1.011,1
-1,-1.029,0.951,1
-1,1.028,-0.965,1
-1,-1.04,-1.011,-1
-1,1.041,0.962,1
-1,-0.953,1.004,1
-1,0.977,-0.998,1
-1,-1.05,-1.006,-1
-1,0.992,0.95,1
-1,-0.977,1.04,1
-1,0.984,-0.98,1
-1,-1.05,-0.995,-1
-1,1.035,1.017,1
-1,-1,1.033,1
-1,0.968,-0.954,1
-1,-0.971,-0.999,-1
-1,0.96,0.95,1
-1,-1.045,1.038,1
-1,1.035,-0.983,1
-1,-0.971,-0.974,-1
-1,1.029,1.026,1
-1,-0.968,1.008,1
-1,0.978,-1.016,1
-1,-1.047,-1.028,-1
-1,1.036,0.978,1
-1,-1.038,0.971,1
-1,1.048,-1.037,1
-1,-0.974,-1.015,-1
-1,1.03,1.028,1
-1,-0.979,1.048,1
-1,1.025,-1,1
-1,-1.049,-1.013,-1
-1,1,0.956,1
-1,-0.973,1.037,1
-1,0.976,-0.993,1
-1,-1.035,-1.045,-1
-1,0.983,1.048,1
-1,-1.034,0.964,1
-1,0.982,-1.031,1
-1,-1.014,-1.031,-1
-1,1.049,0.999,1
-1,-0.958,0.999,1
-1,1.012,-1.03,1
-1,-0.966,-0.956,-1
-1,1.048,1.005,1
-1,-1.006,0.975,1
-1,1.007,-1.005,1
-1,-0.988,-1.043,-1
-1,0.954,1.042,1
-1,-1.004,0.98,1
-1,0.999,-0.988,1
-1,-0.963,-1.016,-1
-1,1.01,0.953,1
-1,-1.002,0.994,1
-1,1.024,-1.013,1
-1,-1.035,-0.977,-1
-1,0.988,0.957,1
-1,-1.028,1.002,1
-1,0.977,-0.991,1
-1,-1.004,-1.024,-1
-1,0.964,0.992,1
-1,-0.999,0.974,1
-1,1.037,-0.984,1
-1,-0.967,-1.007,-1
-1,1.008,0.98,1
-1,-0.977,1.009,1
-1,1.042,-1.037,1
-1,-0.957,-1.046,-1
-1,0.966,1.044,1
-1,-1.002,1.041,1
-1,0.981,-1.034,1
-1,-1.034,-0.981,-1
-1,0.973,1.041,1
-1,-0.977,0.953,1
-1,1,-1.031,1
-1,-0.969,-1.034,-1
-1,0.963,1.034,1
-1,-1.01,0.95,1
-1,1,-1.026,1
-1,-0.954,-0.99,-1
-1,1.004,0.971,1
-1,-1.031,1.048,1
-1,0.984,-0.985,1
-1,-1.048,-0.999,-1
-1,1.009,0.952,1
-1,-0.956,0.992,1
-1,0.968,-1.04,1
-1,-0.987,-0.956,-1
-1,1.003,0.986,1
-1,-0.953,0.953,1
-1,0.957,-0.972,1
-1,-1.03,-1.03,-1
-1,1.012,0.962,1
-1,-0.978,1.015,1
-1,0.986,-0.982,1
-1,-1.025,-1.008,-1
-1,0.992,1.047,1
-1,-1.01,1.026,1
-1,1.012,-0.956,1
-1,-0.971,-0.977,-1
-1,1.047,0.975,1
-1,-0.983,1.017,1
-1,1.038,-1.02,1
-1,-0.989,-1.009,-1
-1,0.968,0.96,1
-1,-1.005,0.975,1
-1,0.99,-1.033,1
-1,-0.953,-1.047,-1
-1,0.979,1.019,1
-1,-1.03,1.016,1
-1,1.04,-0.953,1
-1,-1.042,-1.018,-1
-1,0.996,0.951,1
-1,-0.99,1.01,1
-1,1.045,-1.01,1
-1,-1.017,-1.006,-1
-1,0.967,0.95,1
-1,-1.038,0.955,1
-1,1.032,-1.025,1
-1,-1.003,-1.05,-1
-1,0.986,0.994,1
-1,-0.973,1.026,1
-1,1.011,-0.976,1
-1,-1.019,-0.96,-1
-1,0.994,0.953,1
-1,-1.042,1.036,1
-1,0.951,-0.981,1
-1,-1.032,-0.951,-1
-1,1.02,1.028,1
-1,-0.99,1.015,1
-1,1.02,-1.005,1
-1,-1.04,-0.962,-1
-1,0.996,0.972,1
-1,-1.005,1.03,1
-1,1.049,-0.958,1
-1,-0.969,-0.963,-1
-1,1.038,0.96,1
-1,-1.034,0.999,1
-1,1.035,-1.003,1
-1,-0.958,-0.969,-1
-1,0.953,1.002,1
-1,-0.983,1.006,1
-1,0.971,-1.013,1
-1,-0.995,-0.959,-1
-1,0.965,0.965,1
-1,-0.993,0.988,1
-1,1.011,-0.983,1
-1,-0.972,-0.991,-1
-1,0.991,0.973,1
-1,-1.011,1.042,1
-1,1.018,-0.978,1
-1,-0.97,-0.994,-1
-1,0.985,1.046,1
-1,-0.992,0.97,1
-1,1.045,-1.048,1
-1,-1.049,-0.952,-1
-1,1.004,0.97,1
-1,-0.996,1.026,1
-1,1.007,-0.988,1
-1,-0.983,-0.978,-1
-1,1.027,1.026,1
-1,-0.988,1.04,1
-1,1.045,-1.01,1
-1,-1.049,-0.962,-1
-1,0.966,1.043,1
-1,-0.969,1.034,1
-1,1.015,-0.989,1
-1,-0.958,-1.05,-1
-1,1.007,0.952,1
-1,-0.978,0.954,1
-1,0.954,-1.025,1
-1,-1.047,-0.991,-1
-1,0.995,0.959,1
-1,-0.963,0.952,1
-1,1.021,-0.996,1
-1,-1.023,-1.049,-1
-1,1.033,0.991,1
-1,-1.007,1.028,1
-1,1.032,-1.005,1
-1,-0.983,-1,-1
-1,0.988,0.998,1
-1,-1.016,1.005,1
-1,1.011,-0.972,1
-1,-1.042,-0.98,-1
-1,1.031,1.03,1
-1,-0.976,0.987,1
-1,0.956,-1.021,1
-1,-0.954,-1.047,-1
-1,0.989,0.985,1
-1,-0.992,1.012,1
-1,1.04,-0.965,1
-1,-1.035,-1.025,-1
-1,0.976,1.009,1
-1,-1.047,1.01,1
-1,0.954,-1.028,1
-1,-1.04,-1.008,-1
-1,1.02,1.046,1
-1,-0.953,1.033,1
-1,0.977,-1.045,1
-1,-0.997,-1.042,-1
-1,0.988,0.978,1
-1,-1.005,1.046,1
-1,0.959,-0.956,1
-1,-0.951,-1.002,-1
-1,0.979,1.007,1
-1,-0.987,1.021,1
-1,1.044,-0.972,1
-1,-0.954,-0.977,-1
-1,1.039,1.002,1
-1,-1.017,1.043,1
-1,1.024,-0.954,1
-1,-0.963,-0.953,-1
-1,0.994,0.987,1
-1,-0.97,1.021,1
-1,1.044,-1.016,1
-1,-0.971,-1.018,-1
-1,0.964,1.027,1
-1,-1.022,0.973,1
-1,0.973,-0.97,1
-1,-1.026,-1.046,-1
-1,1.039,1.037,1
-1,-0.974,1.034,1
-1,0.967,-1.026,1
-1,-0.993,-1.043,-1
-1,1.026,0.992,1
-1,-0.998,0.953,1
-1,1.04,-1.01,1
-1,-1.05,-1.015,-1
-1,1.027,1.03,1
-1,-1.044,1.021,1
-1,1.016,-1.012,1
-1,-0.994,-0.97,-1
-1,1.017,0.986,1
-1,-0.994,1.04,1
-1,1.018,-0.97,1
-1,-0.956,-0.992,-1
-1,0.969,0.972,1
-1,-0.956,1.038,1
-1,0.997,-1.047,1
-1,-0.955,-0.975,-1
-1,1.047,0.95,1
-1,-0.972,1.038,1
-1,1.042,-1.02,1
-1,-1.027,-0.981,-1
-1,1.013,1.031,1
-1,-0.958,0.979,1
-1,0.969,-1.05,1
-1,-1.04,-0.964,-1
-1,1.039,1.016,1
-1,-1.022,1.007,1
-1,1.048,-1.027,1
-1,-1.035,-1.033,-1
-1,1.047,1.011,1
-1,-1.045,1.046,1
-1,1.014,-0.997,1
-1,-0.978,-0.988,-1
-1,0.955,0.952,1
-1,-1,1.047,1
-1,1.035,-1.025,1
-1,-1.032,-1.002,-1
-1,0.956,1.012,1
-1,-0.973,1.028,1
-1,1.013,-1.011,1
-1,-1.034,-0.998,-1
-1,1.007,0.995,1
-1,-0.989,1.005,1
-1,0.97,-0.973,1
-1,-1.026,-1.033,-1
-1,1.04,1.032,1
-1,-1.036,1.005,1
-1,1.037,-1.012,1
-1,-1.033,-0.958,-1
-1,1.042,0.969,1
-1,-1.009,1.027,1
-1,1.046,-0.991,1
-1,-1.025,-1.048,-1
-1,1.023,1.005,1
-1,-1.018,0.986,1
-1,1.044,-1.001,1
-1,-1.01,-1.046,-1
-1,1.044,0.952,1
-1,-0.991,0.964,1
-1,0.981,-1.014,1
-1,-0.967,-1.029,-1
-1,1.02,1.047,1
-1,-1.022,1.007,1
-1,1.037,-0.953,1
-1,-1.049,-0.97,-1
-1,1.018,1.044,1
-1,-0.993,1.014,1
-1,1.003,-1.015,1
-1,-1.031,-1.024,-1
-1,1.04,1.001,1
-1,-1.035,0.986,1
-1,1.002,-1.043,1
-1,-1.01,-1.004,-1
-1,1.011,1.002,1
-1,-1.038,0.994,1
-1,1.038,-0.954,1
-1,-1.032,-1.04,-1
-1,0.995,0.996,1
-1,-1.031,0.983,1
-1,1.046,-1.03,1
-1,-0.985,-0.986,-1
-1,1.016,0.972,1
-1,-1.021,0.969,1
-1,0.959,-1.002,1
-1,-0.953,-0.999,-1
-1,1.001,1.014,1
-1,-0.962,0.954,1
-1,1.022,-1.022,1
-1,-1.048,-0.965,-1
-1,0.982,0.965,1
-1,-1.02,1.022,1
-1,1.013,-1.002,1
-1,-0.968,-0.99,-1
-1,0.996,0.951,1
-1,-1.005,0.992,1
-1,1.023,-1.04,1
-1,-1.043,-1.011,-1
-1,1.035,0.986,1
-1,-1.04,1.044,1
-1,0.986,-0.99,1
-1,-1.004,-1.011,-1
-1,0.974,1.036,1
-1,-1.007,0.998,1
-1,1.016,-0.952,1
-1,-1.016,-0.951,-1
-1,0.963,0.966,1
-1,-0.979,0.978,1
-1,1.014,-1.044,1
-1,-0.962,-1.04,-1
-1,0.957,0.984,1
-1,-1.045,0.983,1
-1,0.994,-1.038,1
-1,-0.978,-0.969,-1
-1,0.95,0.985,1
-1,-0.974,1.038,1
-1,1.045,-0.976,1
-1,-1.023,-0.979,-1
-1,1.01,0.973,1
-1,-1.03,0.976,1
-1,1.023,-1.044,1
-1,-1.025,-0.964,-1
-1,0.972,0.999,1
-1,-0.984,0.988,1
-1,1.005,-1.044,1
-1,-1.05,-1.036,-1
-1,1.042,0.955,1
-1,-1.003,1.039,1
-1,1.019,-0.978,1
-1,-0.98,-1.029,-1
-1,0.957,0.996,1
-1,-1.041,1.004,1
-1,0.97,-0.961,1
-1,-1.025,-1.018,-1
-1,1.014,1.047,1
-1,-0.991,0.987,1
-1,1.005,-0.966,1
-1,-0.975,-1.021,-1
-1,0.983,1.043,1
-1,-0.983,0.99,1
-1,1.049,-1.03,1
-1,-0.995,-0.958,-1
-1,0.975,0.952,1
-1,-1.017,0.997,1
-1,0.976,-1.047,1
-1,-0.982,-1.017,-1
-1,0.952,0.98,1
-1,-1.011,1.024,1
-1,0.969,-1.033,1
-1,-1.043,-1.015,-1
-1,0.964,1.016,1
-1,-0.978,0.972,1
-1,0.952,-0.951,1
-1,-0.999,-0.962,-1
-1,1.042,1.021,1
-1,-1.022,1.041,1
-1,1.041,-1.015,1
-1,-1.015,-0.982,-1
-1,0.988,1.018,1
-1,-1.035,1.014,1
-1,1.022,-1.014,1
-1,-1,-1.024,-1
-1,1.016,0.991,1
-1,-1.05,0.987,1
-1,1.008,-1.043,1
-1,-0.978,-1.025,-1
-1,0.975,0.994,1
-1,-1.003,0.978,1
-1,0.993,-1,1
-1,-1.034,-1.015,-1
-1,0.971,1.046,1
-1,-0.972,0.962,1
-1,0.982,-1.036,1
-1,-0.969,-1.028,-1
-1,0.984,0.998,1
-1,-1.012,1.008,1
-1,1.034,-1.01,1
-1,-0.966,-1.048,-1
-1,1.032,1.035,1
-1,-1.011,1.042,1
-1,0.994,-1.039,1
-1,-1.033,-0.98,-1
-1,0.957,0.966,1
-1,-0.952,0.952,1
-1,1.017,-0.984,1
-1,-0.961,-1.01,-1
-1,0.964,1.018,1
-1,-0.997,0.996,1
-1,0.984,-0.964,1
-1,-1.03,-0.982,-1
-1,1.036,1.009,1
-1,-1.023,0.973,1
-1,1.001,-0.987,1
-1,-1.025,-1.017,-1
-1,0.998,1.015,1
-1,-1.024,1.043,1
-1,1.026,-0.955,1
-1,-0.987,-0.966,-1
-1,1.014,0.963,1
-1,-1.012,0.981,1
-1,1.029,-1.022,1
-1,-0.979,-1.005,-1
-1,1.046,1.026,1
-1,-1.006,0.98,1
-1,0.964,-0.986,1
-1,-1,-0.997,-1
-1,1.025,0.979,1
-1,-0.974,0.977,1
-1,1.043,-0.997,1
-1,-1.038,-0.957,-1
-1,0.968,1.04,1
-1,-0.964,0.997,1
-1,1.036,-1.049,1
-1,-0.967,-1,-1
-1,0.964,0.971,1
-1,-1.017,0.995,1
-1,0.999,-0.994,1
-1,-1.007,-1.005,-1
-1,1.035,1.037,1
-1,-1.023,1.001,1
-1,1.001,-1.02,1
-1,-1.046,-0.971,-1
-1,0.961,0.982,1
-1,-0.992,0.954,1
-1,1.036,-0.98,1
-1,-1,-1.046,-1
-1,1.011,0.986,1
-1,-1.047,1.049,1
-1,1.04,-0.964,1
-1,-1.049,-0.994,-1
-1,0.958,1.036,1
-1,-0.996,0.959,1
-1,1.044,-0.953,1
-1,-1.043,-0.971,-1
-1,1.034,1.036,1
-1,-0.967,1.037,1
-1,0.966,-1.011,1
-1,-1.032,-1.022,-1
-1,1.022,1.026,1
-1,-0.966,1.008,1
-1,0.997,-1.016,1
-1,-1.036,-0.99,-1
-1,0.973,1.02,1
-1,-1.039,1.015,1
-1,1.006,-0.986,1
-1,-1.029,-1.034,-1
-1,0.952,0.977,1
-1,-1.024,1.046,1
-1,1.026,-0.965,1
-1,-1.022,-1.038,-1
-1,1.021,0.961,1
-1,-1.05,0.99,1
-1,0.952,-0.98,1
-1,-1.03,-0.976,-1
-1,0.997,0.954,1
-1,-0.966,0.996,1
-1,1.041,-0.999,1
-1,-1.044,-0.984,-1
-1,0.971,1.019,1
-1,-1.019,0.979,1
-1,0.983,-1.046,1
-1,-1.004,-1.015,-1
-1,0.982,0.974,1
-1,-0.967,0.958,1
-1,0.959,-1.039,1
-1,-1.029,-1.018,-1
-1,1.024,1.023,1
-1,-0.978,1.027,1
-1,0.993,-0.958,1
-1,-1.047,-1.008,-1
-1,1.047,1.038,1
-1,-0.962,0.99,1
-1,1.041,-0.956,1
-1,-1.044,-1.038,-1
-1,0.965,1.039,1
-1,-1.009,0.998,1
-1,1.043,-1.011,1
-1,-1.015,-0.973,-1
-1,0.965,0.969,1
-1,-0.964,1.026,1
-1,1.032,-0.991,1
-1,-1.041,-0.993,-1
-1,1.034,1.031,1
-1,-0.964,0.977,1
-1,0.976,-0.961,1
-1,-1.028,-0.975,-1
-1,1.027,0.96,1
-1,-1.035,1.018,1
-1,1.007,-0.977,1
-1,-1.018,-0.978,-1
-1,1.012,0.976,1
-1,-0.977,0.957,1
-1,0.967,-1.042,1
-1,-0.965,-1.017,-1
-1,1.029,0.973,1
-1,-0.989,0.964,1
-1,1.032,-0.98,1
-1,-0.979,-0.984,-1
-1,0.954,0.959,1
-1,-1.005,0.98,1
-1,1.048,-0.983,1
-1,-1.045,-1.022,-1
-1,1.028,1.022,1
-1,-1.002,1.037,1
-1,0.995,-0.969,1
-1,-0.991,-0.991,-1
-1,1.009,1.034,1
-1,-0.984,1.026,1
-1,0.995,-0.999,1
-1,-1.041,-1.026,-1
-1,1.024,1.021,1
-1,-1.012,1.006,1
-1,1.043,-0.989,1
-1,-0.976,-1.001,-1
-1,1.02,1.022,1
-1,-0.971,0.971,1
-1,1.041,-1.014,1
-1,-1.001,-1.029,-1
-1,0.958,1.047,1
-1,-1.042,0.955,1
-1,0.98,-0.982,1
-1,-0.986,-0.961,-1
-1,1.002,0.981,1
-1,-0.984,1.047,1
-1,1.032,-1.023,1
-1,-0.976,-1.041,-1
-1,1,1.014,1
-1,-1.033,1.046,1
-1,1.028,-0.958,1
-1,-1.005,-1.05,-1
-1,0.966,0.975,1
-1,-1.029,0.957,1
-1,0.963,-1.028,1
-1,-1.021,-0.976,-1
-1,0.97,0.987,1
-1,-0.971,0.952,1
-1,1.007,-0.954,1
-1,-0.958,-0.988,-1
-1,0.977,1.008,1
-1,-0.991,1.011,1
-1,0.987,-0.965,1
-1,-0.98,-0.962,-1
-1,0.952,0.99,1
-1,-0.966,1.03,1
-1,0.982,-1.021,1
-1,-0.97,-1.05,-1
-1,0.956,1.004,1
-1,-1.043,1.022,1
-1,1.026,-1.014,1
-1,-1.004,-1.002,-1
-1,1.024,1.027,1
-1,-0.999,0.981,1
-1,1.023,-0.955,1
-1,-0.957,-1.05,-1
-1,0.955,0.955,1
-1,-1.036,0.992,1
-1,0.992,-1.014,1
-1,-0.968,-1.006,-1
-1,1.026,0.968,1
-1,-1.026,1.01,1
-1,0.95,-0.993,1
-1,-0.99,-1.044,-1
-1,0.961,1.018,1
-1,-1.02,0.989,1
-1,1.006,-0.974,1
-1,-0.962,-1.02,-1
-1,1.004,1.041,1
-1,-1.036,0.977,1
-1,0.988,-0.991,1
-1,-0.97,-1.007,-1
-1,0.966,0.996,1
-1,-0.965,1.009,1
-1,1.032,-1.03,1
-1,-1.047,-1.039,-1
-1,0.988,1.03,1
-1,-0.979,0.988,1
-1,1.039,-0.966,1
-1,-0.953,-1.05,-1
-1,0.954,0.977,1
-1,-0.959,1.01,1
-1,0.954,-1.019,1
-1,-0.959,-1.04,-1
-1,1.024,1.007,1
-1,-0.961,0.962,1
-1,0.966,-0.981,1
-1,-0.995,-0.965,-1
-1,0.965,1.043,1
-1,-1.006,1,1
-1,0.963,-0.951,1
-1,-0.989,-1.047,-1
-1,0.981,0.982,1
-1,-1.008,0.97,1
-1,1.018,-0.959,1
-1,-0.978,-0.978,-1
-1,0.968,0.966,1
-1,-1.017,1.024,1
-1,0.997,-0.974,1
-1,-1.014,-1.028,-1
-1,0.983,0.976,1
-1,-1.016,0.951,1
-1,1.045,-1.008,1
-1,-0.964,-0.987,-1
-1,1.037,1.032,1
-1,-1.037,0.95,1
-1,0.984,-0.976,1
-1,-0.995,-1.033,-1
-1,1.008,0.999,1
-1,-1.012,0.977,1
-1,0.99,-0.988,1
-1,-0.999,-0.991,-1
-1,1.028,1.034,1
-1,-0.965,1.028,1
-1,1.01,-1.028,1
-1,-1.05,-1.005,-1
-1,0.998,1.036,1
-1,-1.003,1.045,1
-1,1.03,-0.965,1
-1,-0.992,-0.983,-1
-1,0.97,0.973,1
-1,-1.031,0.956,1
-1,1.047,-0.975,1
-1,-1.027,-1.042,-1
-1,0.974,0.963,1
-1,-0.963,1.015,1
-1,1.026,-1.012,1
-1,-0.974,-1.044,-1
-1,0.973,0.963,1
-1,-0.966,0.985,1
-1,0.985,-1.014,1
-1,-0.969,-1.015,-1
-1,1.025,1.03,1
-1,-1.019,1.005,1
-1,0.967,-1.009,1
-1,-1.027,-1.013,-1
-1,1.015,1.044,1
-1,-0.955,1.012,1
-1,1.019,-1.031,1
-1,-1.028,-1.004,-1
-1,0.982,0.959,1
-1,-0.987,1.01,1
-1,0.998,-1.011,1
-1,-0.983,-1.027,-1
-1,1.002,0.953,1
-1,-0.992,0.99,1
-1,0.99,-1.011,1
-1,-0.975,-0.983,-1
-1,0.969,0.956,1
-1,-1.028,0.987,1
-1,0.998,-0.953,1
-1,-1.024,-0.985,-1
-1,0.994,0.972,1
-1,-1.023,0.963,1
-1,1.043,-1.048,1
-1,-1.039,-1.025,-1
-1,0.961,1.024,1
-1,-1.012,0.961,1
-1,0.963,-0.993,1
-1,-1.016,-1.032,-1
-1,0.962,1.043,1
-1,-1.04,0.954,1
-1,1.034,-0.965,1
-1,-0.979,-0.994,-1
-1,0.994,0.996,1
-1,-0.957,0.994,1
-1,0.993,-0.979,1
-1,-1.041,-1.011,-1
-1,0.995,1.038,1
-1,-0.997,0.988,1
-1,1.04,-0.986,1
-1,-1.034,-0.996,-1
-1,1.041,1.004,1
-1,-0.985,0.954,1
-1,1.013,-1.05,1
-1,-0.976,-0.975,-1
-1,0.995,1.034,1
-1,-0.97,0.979,1
-1,0.972,-0.999,1
-1,-0.965,-0.984,-1
-1,1.047,0.98,1
-1,-0.988,1.043,1
-1,1.004,-0.979,1
-1,-1.018,-0.951,-1
-1,0.961,0.987,1
-1,-1.012,0.952,1
-1,1.004,-1.044,1
-1,-1.042,-1.005,-1
-1,0.962,1.023,1
-1,-1.049,1.025,1
-1,0.975,-1.022,1
-1,-1.048,-0.98,-1
-1,1.014,1.032,1
-1,-1.05,1.036,1
-1,1.036,-1.013,1
-1,-1.046,-1.015,-1
-1,1.018,1.016,1
-1,-0.97,0.972,1
-1,1.039,-0.985,1
-1,-0.977,-1.049,-1
-1,1.004,1.013,1
-1,-0.995,0.958,1
-1,1.019,-0.987,1
-1,-1.045,-0.969,-1
-1,1.038,1.009,1
-1,-1.042,0.964,1
-1,0.989,-0.987,1
-1,-0.966,-1.047,-1
-1,0.995,0.986,1
-1,-0.96,1.033,1
-1,1.024,-1.004,1
-1,-0.979,-0.956,-1
-1,0.963,1.001,1
-1,-0.982,1.004,1
-1,1.018,-0.957,1
-1,-0.995,-1.027,-1
-1,1.007,1.012,1
-1,-0.967,1.028,1
-1,1.027,-1.009,1
-1,-1.038,-0.984,-1
-1,0.95,0.97,1
-1,-0.97,0.989,1
-1,1.033,-1.034,1
-1,-0.956,-0.969,-1
-1,0.955,1.034,1
-1,-1.034,1.029,1
-1,0.981,-0.963,1
-1,-1.025,-0.954,-1
-1,1.041,0.995,1
-1,-1,1.009,1
-1,0.988,-0.992,1
-1,-0.968,-0.955,-1
-1,1.022,1.016,1
-1,-0.976,1,1
-1,0.957,-0.964,1
-1,-0.982,-0.991,-1
-1,1.008,0.95,1
-1,-1,1.044,1
-1,0.966,-1.006,1
-1,-1.023,-0.977,-1
-1,1.031,0.993,1
-1,-0.998,1.014,1
-1,0.981,-1.021,1
-1,-1.038,-1.028,-1
-1,1.024,1.012,1
-1,-0.969,0.963,1
-1,1.022,-1.034,1
-1,-1.042,-1.005,-1
-1,0.984,0.984,1
-1,-1.003,1.043,1
-1,1.022,-1.035,1
-1,-0.998,-1.019,-1
-1,0.965,1.004,1
-1,-0.973,1.033,1
-1,1.048,-1.046,1
-1,-0.993,-1.019,-1
-1,0.997,1.011,1
-1,-0.955,0.98,1
-1,1.041,-0.991,1
-1,-1.046,-1.033,-1
-1,0.972,0.988,1
-1,-1.02,0.996,1
-1,1.004,-0.959,1
-1,-1.007,-1.01,-1
-1,1.027,1.04,1
-1,-1.017,1,1
-1,0.955,-1.013,1
-1,-1.017,-0.978,-1
-1,1.041,0.96,1
-1,-1.042,0.991,1
-1,1.016,-1.033,1
-1,-1.025,-0.985,-1
-1,0.98,1.022,1
-1,-0.954,1.023,1
-1,0.982,-1.05,1
-1,-0.959,-1.044,-1
-1,1.04,1.023,1
-1,-0.998,1.046,1
-1,1.014,-0.954,1
-1,-1.014,-0.956,-1
-1,1.036,1.019,1
-1,-1.006,0.994,1
-1,0.956,-1.021,1
-1,-0.982,-1.001,-1
-1,0.989,0.978,1
-1,-1.007,0.955,1
-1,0.995,-0.982,1
-1,-0.98,-1.022,-1
-1,1.042,0.968,1
-1,-1.049,0.974,1
-1,1.021,-0.958,1
-1,-1.02,-0.989,-1
-1,0.968,1.033,1
-1,-0.992,0.984,1
-1,0.981,-0.956,1
-1,-1.022,-1.033,-1
-1,0.966,1.022,1
-1,-1.037,1.024,1
-1,1.003,-1.016,1
-1,-0.974,-0.958,-1
